#No.      Date        Time         Lat.      Lon.        Dep.     Mag.   Coef.      Times_MAD           Reference
   1   2023/05/05   05:24:57.800   19.3600   -99.1900     1.50    1.50  0.2488     9.2200      20230515084552.67
   2   2023/05/05   06:13:19.870   19.3670   -99.1900     0.50    0.99  0.2655     9.7400      20230512234650.75
   3   2023/05/05   06:50:41.770   19.3650   -99.1850     0.75    0.57  0.2541     9.5100      20230517040903.66
   4   2023/05/05   06:50:52.900   19.3680   -99.1950     1.00    1.53  0.2625     9.1800      20230511042948.45
   5   2023/05/05   08:58:16.490   19.3660   -99.1970     1.50    0.82  0.2321     9.1800      20230511043452.89
   6   2023/05/05   10:02:41.900   19.3600   -99.1990     1.00    1.47  0.2655     9.2900      20230511042948.45
   7   2023/05/05   15:18:43.550   19.3640   -99.1950     1.00    1.57  0.2516     9.1300      20230516105030.72
   8   2023/05/05   18:16:49.790   19.3550   -99.2160     0.50    1.10  0.2787     9.0200      20230511044031.75
   9   2023/05/05   19:11:35.320   19.3560   -99.2050     1.50    0.90  0.2615     9.0000      20230511042559.47
