        9  19.363332  -99.198706      .915     -116.9      186.6     -220.2    329.2    350.1    374.7 2023  5 11  4 20 17.000  2.6     0     0   173    91 -9.000   .169   1
       10  19.363711  -99.197233      .914       37.4      228.4     -220.7    315.7    266.0    291.7 2023  5 11  4 20 19.760  3.2     0     0   173   141 -9.000   .169   1
       11  19.369230  -99.190251     1.399      770.9      839.4      263.5    281.7    188.7    165.8 2023  5 11  4 21 29.230  1.4     0     0   136   109 -9.000   .158   1
       12  19.369305  -99.198250      .953      -69.5      847.6     -182.1    355.8    321.5    356.3 2023  5 11  4 22 29.970  1.3     0     0   103    86 -9.000   .142   1
       14  19.364482  -99.197607      .759       -2.0      313.8     -375.9    328.8    212.3    243.1 2023  5 11  4 25 56.960  1.1     0     0   127    91 -9.000   .122   1
       16  19.363700  -99.205811      .149     -863.7      227.1     -986.1    251.4    248.8    520.9 2023  5 11  4 29 48.210  2.4     0     0   207    78 -9.000   .196   1
       17  19.359937  -99.201326      .777     -392.1     -189.5     -358.2    328.2    312.6    460.6 2023  5 11  4 29 51.590  2.6     0     0   115    69 -9.000   .246   1
       18  19.363088  -99.192716     1.233      512.0      159.5       97.6    287.1    173.3    180.4 2023  5 11  4 34 53.090  1.8     0     0   173   119 -9.000   .139   1
       21  19.364024  -99.190975     1.173      695.1      263.1       38.2    277.0    188.8    156.0 2023  5 11  7 43 22.890  2.0     0     0   209   129 -9.000   .150   1
       22  19.362901  -99.196606     1.420      103.6      138.7      284.5    304.6    157.8    228.0 2023  5 11 13 25 10.260  1.6     0     0   145   129 -9.000   .186   1
       23  19.364001  -99.185539     1.511     1266.1      260.7      375.5    327.5    239.0    248.6 2023  5 11 14 38 28.210  1.6     0     0   116    68 -9.000   .166   1
       24  19.361198  -99.195060      .648      266.1      -49.8     -486.8    296.7    207.4    240.1 2023  5 11 14 43 40.970  1.2     0     0    99    98 -9.000   .134   1
       25  19.363733  -99.193449     1.628      435.3      230.9      492.9    284.0    183.9    235.3 2023  5 11 15  5 31.120  2.2     0     0   195   121 -9.000   .145   1
       26  19.361165  -99.194434     1.276      331.6      -53.4      140.8    288.1    191.6    194.0 2023  5 11 15 25 23.270  2.0     0     0   185   136 -9.000   .152   1
       27  19.360264  -99.195557     1.004      214.0     -153.2     -131.0    363.9    283.9    284.6 2023  5 11 15 58  9.430  1.3     0     0    71    67 -9.000   .118   1
       28  19.363277  -99.189640     1.772      835.6      180.4      636.6    279.9    193.5    188.4 2023  5 11 16 55 46.880  1.2     0     0    91    75 -9.000   .136   1
       29  19.362254  -99.196802      .782       82.8       67.1     -353.6    323.5    246.2    283.6 2023  5 11 17 13  2.720  1.0     0     0    72    73 -9.000   .110   1
       31  19.362030  -99.205729      .479     -855.1       42.4     -656.4    247.8    352.2    451.9 2023  5 12 10 19 33.830  1.3     0     0    91    76 -9.000   .147   1
       32  19.363175  -99.191048     1.324      687.8      169.1      188.9    279.1    158.8    180.7 2023  5 12 23 46 50.640  2.2     0     0   191   145 -9.000   .173   1
       33  19.372339  -99.193400     1.552      440.0     1183.6      416.9    280.7    250.2    182.1 2023  5 15  0 41  1.450  1.8     0     0   144    95 -9.000   .141   1
       35  19.361930  -99.180648     1.091     1780.2       31.3      -43.8    288.1    193.0    327.8 2023  5 16 10 50 30.890  1.6     0     0   129    84 -9.000   .143   1
       36  19.363489  -99.181038     1.526     1739.2      203.9      391.0    362.8    298.1    205.8 2023  5 17  4  9  3.560  1.5     0     0   131    97 -9.000   .182   1
