#No.      Date        Time         Lat.      Lon.        Dep.     Mag.   Coef.      Times_MAD           Reference
   1   2023/05/10   01:39:00.250   19.3720   -99.1810     1.25    1.53  0.2527     9.1700      20230516105030.72
   2   2023/05/10   06:38:46.580   19.3720   -99.1950     1.00    0.86  0.2482     9.8800      20230511043452.89
   3   2023/05/10   07:32:53.980   19.3760   -99.1870     1.00    1.53  0.2557     9.0100      20230511042948.45
   4   2023/05/10   07:55:08.580   19.3420   -99.2130     0.75    0.54  0.3167     9.2200      20230511155809.09
   5   2023/05/10   09:27:38.180   19.4230   -99.1950     1.00    1.65  0.3362     9.3000      20230511082146.62
   6   2023/05/10   10:08:48.650   19.3390   -99.2300     0.50    0.71  0.2802     9.0700      20230511044031.75
   7   2023/05/10   10:57:08.140   19.3520   -99.1870     1.25    1.57  0.2592     9.1300      20230511042948.45
   8   2023/05/10   10:57:41.140   19.3590   -99.2220     1.50    1.14  0.2523     9.1300      20230512101933.51
   9   2023/05/10   11:03:04.640   19.3770   -99.1800     0.50    0.88  0.2652     9.7700      20230512234650.75
  10   2023/05/10   11:03:59.340   19.3770   -99.1910     0.75    0.70  0.2299     9.0200      20230511150531.10
  11   2023/05/10   11:55:30.500   19.3480   -99.1940     1.15    0.55  0.2571     9.1300      20230511144340.71
  12   2023/05/10   12:11:11.950   19.3590   -99.1860     1.00    0.97  0.2534     9.3400      20230512234650.75
  13   2023/05/10   19:14:08.690   19.3660   -99.2180     0.50    0.82  0.2433     9.1100      20230522050532.53
