#No.      Date        Time         Lat.      Lon.        Dep.     Mag.   Coef.      Times_MAD           Reference
   1   2023/05/24   06:10:02.290   19.3420   -99.2000     1.00    0.40  0.2835     9.2500      20230511165546.87
   2   2023/05/24   08:31:53.310   19.3590   -99.1800     1.00    0.65  0.2512     9.2800      20230512234650.75
   3   2023/05/24   08:43:56.760   19.3530   -99.2150     1.25    0.64  0.2353     9.2500      20230511150531.10
   4   2023/05/24   09:45:40.460   19.3580   -99.2170     1.50    1.62  0.2560     9.0400      20230511042948.45
   5   2023/05/24   09:49:51.030   19.3670   -99.1880     0.50    0.56  0.2201     9.0300      20230511074322.96
   6   2023/05/24   10:07:16.140   19.3880   -99.1910     0.50    0.83  0.2549     9.3700      20230515004101.40
   7   2023/05/24   10:18:24.900   19.3450   -99.1980     1.05    0.34  0.2765     9.6200      20230511042016.80
   8   2023/05/24   13:19:15.490   19.3540   -99.2010     1.00    1.00  0.2270     9.0400      20230511043452.89
   9   2023/05/24   16:03:21.860   19.3650   -99.2030     0.75    0.78  0.2311     9.0900      20230511150531.10
  10   2023/05/24   16:45:59.400   19.3610   -99.2170     1.00    0.63  0.2389     9.0500      20230511042129.14
  11   2023/05/24   18:39:51.380   19.3480   -99.1990     1.25    1.48  0.2559     9.3700      20230516105030.72
  12   2023/05/24   22:06:16.100   19.3710   -99.2060     1.50    0.98  0.2400     9.1600      20230511152523.52
