#No.      Date        Time         Lat.      Lon.        Dep.     Mag.   Coef.      Times_MAD           Reference
   1   2023/05/07   05:07:56.900   19.3460   -99.2090     1.00    0.61  0.2787     9.0500      20230511042019.50
   2   2023/05/07   05:57:24.720   19.3790   -99.2000     0.50    0.72  0.2956     9.3000      20230511042229.63
   3   2023/05/07   08:55:48.770   19.3530   -99.2090     1.50    0.46  0.2339     9.2000      20230511150531.10
   4   2023/05/07   09:35:13.100   19.3580   -99.2170     1.25    1.52  0.2598     9.1300      20230511042948.45
   5   2023/05/07   11:39:26.710   19.3780   -99.1950     0.50    0.84  0.2367     9.3900      20230511043452.89
   6   2023/05/07   12:43:25.350   19.3660   -99.2110     1.50    0.81  0.2697     9.3200      20230511042559.47
   7   2023/05/07   13:37:53.630   19.3690   -99.1810     0.50    0.78  0.2410     9.0100      20230517040903.66
   8   2023/05/07   14:05:19.390   19.3660   -99.2130     1.00    0.84  0.2275     9.0200      20230511043452.89
   9   2023/05/07   19:57:21.650   19.3600   -99.2190     2.00    1.41  0.3009    10.1700      20230511042951.83
  10   2023/05/07   20:16:59.840   19.3540   -99.2180     0.90    0.66  0.2530     9.0300      20230511144340.71
  11   2023/05/07   22:58:11.330   19.3880   -99.2210     0.75    1.35  0.2660     9.6100      20230515004101.40
