#No.      Date        Time         Lat.      Lon.        Dep.     Mag.   Coef.      Times_MAD           Reference
   1   2023/05/26   07:05:32.550   19.3640   -99.2120     1.25    1.30  0.2467     9.3400      20230515084552.67
   2   2023/05/26   07:17:47.110   19.3850   -99.2110     1.00    0.22  0.2378     9.1200      20230511042129.14
   3   2023/05/26   07:35:05.860   19.3580   -99.1930     0.75    1.56  0.2526     9.0600      20230511042948.45
   4   2023/05/26   08:19:32.770   19.3450   -99.1930     1.25    0.62  0.2464     9.4100      20230517040903.66
   5   2023/05/26   08:23:35.820   19.3420   -99.2120     0.75    0.83  0.2910     9.2100      20230512040128.42
   6   2023/05/26   10:08:29.010   19.3600   -99.1880     1.50    0.68  0.2927     9.2700      20230512040128.42
   7   2023/05/26   10:09:18.980   19.3730   -99.2000     1.00    0.69  0.2208     9.1000      20230511074322.96
   8   2023/05/26   10:42:17.510   19.3510   -99.1750     0.75    0.76  0.2396     9.1500      20230517040903.66
   9   2023/05/26   10:47:35.040   19.3420   -99.2060     1.00    0.69  0.2848     9.0100      20230512040128.42
  10   2023/05/26   11:29:37.880   19.3480   -99.2060     1.00    0.42  0.2764     9.1600      20230511165546.87
  11   2023/05/26   11:33:29.400   19.3600   -99.1940     0.75    0.24  0.2786     9.2300      20230511165546.87
  12   2023/05/26   15:15:17.420   19.3710   -99.1760     1.50    0.95  0.2427     9.3700      20230511152523.52
  13   2023/05/26   21:18:59.340   19.3670   -99.1820     1.00    1.01  0.2249     9.2700      20230511074322.96
