#No.      Date        Time         Lat.      Lon.        Dep.     Mag.   Coef.      Times_MAD           Reference
   1   2023/05/21   00:33:59.030   19.3530   -99.1880     0.50    0.99  0.2398     9.2300      20230511152523.52
   2   2023/05/21   01:41:25.310   19.3540   -99.2080     1.00    0.81  0.2517     9.0400      20230511042556.58
   3   2023/05/21   10:44:30.100   19.3600   -99.1810     0.50    1.03  0.2649     9.6700      20230516105030.72
   4   2023/05/21   10:49:57.960   19.3600   -99.1880     1.50    0.32  0.2878     9.5100      20230511165546.87
   5   2023/05/21   10:58:12.690   19.3420   -99.1950     1.25    0.32  0.3055     9.0700      20230511155809.09
   6   2023/05/21   12:23:20.640   19.3700   -99.2170     0.75    1.54  0.2512     9.0100      20230511042948.45
   7   2023/05/21   14:23:51.560   19.3530   -99.1910     0.50    0.71  0.2358     9.3600      20230511150531.10
   8   2023/05/21   14:28:31.770   19.3660   -99.2120     0.50    1.00  0.2895     9.0900      20230512040128.42
   9   2023/05/21   16:27:40.320   19.3530   -99.2100     0.75    1.29  0.2589     9.1600      20230512101933.51
  10   2023/05/21   17:21:00.530   19.3420   -99.1940     1.25    0.59  0.2546     9.4900      20230522050532.53
  11   2023/05/21   19:11:28.590   19.3470   -99.1920     1.50    1.02  0.2469     9.3400      20230512234650.75
