#No.      Date        Time         Lat.      Lon.        Dep.     Mag.   Coef.      Times_MAD           Reference
   1   2023/05/25   03:47:59.850   19.3720   -99.1890     0.75    0.70  0.3189     9.2700      20230511155809.09
   2   2023/05/25   04:52:25.470   19.3480   -99.1810     1.25    1.43  0.2447     9.0000      20230516105030.72
   3   2023/05/25   06:40:41.140   19.3660   -99.2120     0.75    0.40  0.2992     9.7800      20230511165546.87
   4   2023/05/25   06:51:08.690   19.3660   -99.1890     1.50    1.29  0.2738     9.3800      20230511042951.83
   5   2023/05/25   08:14:02.560   19.3640   -99.1870     0.75    1.49  0.2563     9.0500      20230511042948.45
   6   2023/05/25   08:24:15.220   19.3700   -99.1870     1.25    1.52  0.2798     9.8800      20230511042948.45
   7   2023/05/25   10:16:01.910   19.3690   -99.1920     1.05    0.55  0.2704     9.4000      20230511042016.80
   8   2023/05/25   11:05:42.380   19.3700   -99.1870     0.75    1.50  0.2607     9.2000      20230511042948.45
   9   2023/05/25   19:26:54.850   19.3470   -99.1880     1.50    0.98  0.2365     9.0400      20230511152523.52
  10   2023/05/25   22:54:45.320   19.3490   -99.1980     0.75    0.99  0.2568     9.0500      20230511132510.19
  11   2023/05/25   23:06:35.720   19.3770   -99.2220     0.50    1.54  0.2550     9.1800      20230512101933.51
