#No.      Date        Time         Lat.      Lon.        Dep.     Mag.   Coef.      Times_MAD           Reference
   1   2023/05/17   03:42:18.450   19.3720   -99.2050     0.75    1.51  0.2490     9.0900      20230516105030.72
   2   2023/05/17   04:09:03.660   19.3630   -99.1870     1.00    1.60  0.9983    37.6000      20230517040903.66
   3   2023/05/17   07:35:09.200   19.3570   -99.1980     1.30    0.48  0.2795     9.6900      20230511042016.80
   4   2023/05/17   08:51:29.350   19.3650   -99.2160     1.25    1.07  0.2532     9.0200      20230512101933.51
   5   2023/05/17   11:13:22.480   19.3540   -99.1940     1.25    0.55  0.2760     9.0200      20230511165546.87
   6   2023/05/17   11:29:30.360   19.3730   -99.2110     0.50    0.28  0.2446     9.1800      20230511042129.14
   7   2023/05/17   12:58:41.030   19.3600   -99.2190     0.75    0.93  0.2297     9.1300      20230511043452.89
   8   2023/05/17   15:04:10.640   19.3480   -99.1950     1.25    1.06  0.2268     9.0200      20230511043452.89
   9   2023/05/17   15:39:02.870   19.3710   -99.2040     0.75    1.12  0.2729    10.0800      20230512234650.75
  10   2023/05/17   15:53:53.840   19.3540   -99.2000     0.75    1.30  0.2606     9.0700      20230511143827.90
  11   2023/05/17   17:22:26.110   19.3670   -99.1820     0.75    1.07  0.2212     9.0300      20230511074322.96
  12   2023/05/17   19:24:01.850   19.3610   -99.2100     1.50    0.97  0.2575     9.0100      20230511132510.19
  13   2023/05/17   20:48:24.720   19.3770   -99.1910     1.50    0.99  0.2377     9.3800      20230511150531.10
