#No.      Date        Time         Lat.      Lon.        Dep.     Mag.   Coef.      Times_MAD           Reference
   1   2023/05/14   02:33:02.170   19.3480   -99.2130     1.25    1.06  0.3063     9.1000      20230511155809.09
   2   2023/05/14   05:28:53.790   19.4170   -99.1770     0.75    1.82  0.3301     9.2000      20230511082146.62
   3   2023/05/14   06:43:13.760   19.3600   -99.2000     0.75    0.40  0.2731     9.0100      20230511165546.87
   4   2023/05/14   11:03:50.940   19.3720   -99.1940     0.50    0.06  0.2807     9.2600      20230511165546.87
   5   2023/05/14   11:46:46.060   19.3580   -99.1820     1.50    1.24  0.2434     9.0500      20230515084552.67
   6   2023/05/14   11:51:42.460   19.3580   -99.1930     1.00    1.51  0.2722     9.7500      20230511042948.45
   7   2023/05/14   12:45:41.650   19.3730   -99.2000     0.75    0.69  0.2241     9.1200      20230511074322.96
   8   2023/05/14   12:52:59.830   19.3420   -99.1890     1.25    1.31  0.2685     9.1200      20230511042951.83
   9   2023/05/14   14:56:01.620   19.3540   -99.1880     1.00    1.21  0.2600     9.1600      20230511143827.90
  10   2023/05/14   16:21:41.020   19.3420   -99.2000     0.50    0.65  0.2447     9.1400      20230522050532.53
  11   2023/05/14   16:29:41.390   19.3760   -99.1910     1.00    1.22  0.2547     9.1900      20230515004101.40
  12   2023/05/14   23:05:12.120   19.3600   -99.2070     1.25    0.93  0.2279     9.0700      20230511043452.89
  13   2023/05/14   23:43:48.030   19.3450   -99.2050     1.25    0.88  0.2408     9.0400      20230517040903.66
