#No.      Date        Time         Lat.      Lon.        Dep.     Mag.   Coef.      Times_MAD           Reference
   1   2023/05/15   00:41:01.400   19.3760   -99.2030     1.00    1.80  0.9988    36.1800      20230515004101.40
   2   2023/05/15   04:55:23.810   19.3700   -99.1850     0.50    0.56  0.2831     9.1600      20230511042019.50
   3   2023/05/15   07:21:56.720   19.3470   -99.2040     1.00    0.61  0.2623     9.7100      20230512234650.75
   4   2023/05/15   07:54:04.780   19.3790   -99.1870     1.00    0.07  0.2456     9.2700      20230511042129.14
   5   2023/05/15   08:45:52.670   19.3580   -99.1940     1.00    1.80  0.9982    36.9000      20230515084552.67
   6   2023/05/15   09:55:47.110   19.3520   -99.1990     0.50    1.49  0.2624     9.1900      20230511042948.45
   7   2023/05/15   10:15:33.600   19.3700   -99.1870     1.00    1.45  0.2574     9.0200      20230511042948.45
   8   2023/05/15   10:37:30.760   19.3610   -99.2240     0.75    0.55  0.2886     9.1500      20230511042229.63
   9   2023/05/15   11:19:13.890   19.3690   -99.2160     1.30    0.48  0.2633     9.1900      20230511042016.80
  10   2023/05/15   11:34:16.360   19.3460   -99.1990     1.25    1.59  0.2584     9.0500      20230511042948.45
  11   2023/05/15   12:55:35.780   19.3730   -99.1920     0.75    1.03  0.2731     9.6000      20230511132510.19
  12   2023/05/15   17:34:53.560   19.3470   -99.2160     0.50    1.37  0.2615     9.3200      20230512101933.51
