#No.      Date        Time         Lat.      Lon.        Dep.     Mag.   Coef.      Times_MAD           Reference
   1   2023/05/23   00:29:32.070   19.3770   -99.2030     0.50    0.76  0.2351     9.2900      20230511150531.10
   2   2023/05/23   07:17:26.200   19.3400   -99.1880     0.50    1.21  0.2432     9.0200      20230515084552.67
   3   2023/05/23   07:39:06.000   19.3460   -99.2110     1.00    1.52  0.2613     9.2000      20230511042948.45
   4   2023/05/23   07:48:43.190   19.3640   -99.1930     0.50    1.54  0.2720     9.5800      20230511042948.45
   5   2023/05/23   09:30:35.240   19.3520   -99.1870     1.50    1.51  0.2598     9.1500      20230511042948.45
   6   2023/05/23   10:03:35.540   19.3720   -99.2110     1.50    0.57  0.2675     9.2900      20230511042559.47
   7   2023/05/23   10:21:43.410   19.3420   -99.2180     0.75    0.35  0.2790     9.0700      20230511165546.87
   8   2023/05/23   10:25:31.640   19.3520   -99.2110     0.75    1.56  0.2682     9.4400      20230511042948.45
   9   2023/05/23   10:28:34.880   19.3700   -99.1870     1.25    1.51  0.2954    10.4000      20230511042948.45
  10   2023/05/23   10:56:46.550   19.3710   -99.1980     0.50    0.97  0.2711    10.0400      20230512234650.75
  11   2023/05/23   19:21:34.110   19.3480   -99.1880     0.75    0.78  0.2513     9.3400      20230522050532.53
