#No.      Date        Time         Lat.      Lon.        Dep.     Mag.   Coef.      Times_MAD           Reference
   1   2023/05/28   00:20:27.030   19.3550   -99.2220     0.75    1.11  0.2638     9.4400      20230511132510.19
   2   2023/05/28   01:48:09.400   19.3630   -99.2050     0.50    0.96  0.2423     9.1200      20230517040903.66
   3   2023/05/28   01:55:51.340   19.3750   -99.1870     0.50    0.84  0.2403     9.0400      20230517040903.66
   4   2023/05/28   05:43:50.340   19.3480   -99.2070     1.25    0.66  0.2827     9.1400      20230511042412.50
   5   2023/05/28   07:16:04.790   19.3470   -99.2000     1.00    0.73  0.2328     9.0200      20230511152523.52
   6   2023/05/28   10:45:44.590   19.3580   -99.1870     1.00    1.56  0.2514     9.0300      20230511042948.45
   7   2023/05/28   11:36:12.830   19.3480   -99.2180     1.50    0.46  0.2750     9.0900      20230511165546.87
   8   2023/05/28   12:49:08.200   19.3480   -99.2010     0.75    0.82  0.2302     9.1800      20230511043452.89
   9   2023/05/28   13:26:36.480   19.3610   -99.1920     1.00    0.95  0.2515     9.0000      20230511132510.19
  10   2023/05/28   13:59:51.050   19.3470   -99.1920     1.25    1.33  0.2608     9.3800      20230512101933.51
  11   2023/05/28   16:45:45.580   19.3670   -99.1920     1.25    0.85  0.2565     9.1800      20230511132510.19
