#No.      Date        Time         Lat.      Lon.        Dep.     Mag.   Coef.      Times_MAD           Reference
   1   2023/05/11   01:47:26.550   19.3760   -99.1910     1.50    0.76  0.2814     9.0900      20230511042019.50
   2   2023/05/11   04:20:16.620   19.3630   -99.2100     1.05    2.80  1.0000    34.5300      20230511042016.80
   3   2023/05/11   04:21:29.140   19.3730   -99.1990     1.00    1.40  0.9999    37.4700      20230511042129.14
   4   2023/05/11   04:21:48.170   19.3730   -99.2110     1.00    0.78  0.3183    11.9300      20230511042129.14
   5   2023/05/11   04:22:04.430   19.3610   -99.1940     1.25    0.89  0.3843    12.2300      20230511042229.63
   6   2023/05/11   04:22:29.630   19.3730   -99.2060     1.00    1.30  0.9992    31.8000      20230511042229.63
   7   2023/05/11   04:23:09.220   19.3760   -99.2090     1.50    1.30  0.3748    13.6400      20230515004101.40
   8   2023/05/11   04:24:12.500   19.3600   -99.2010     1.00    1.00  0.9982    32.3400      20230511042412.50
   9   2023/05/11   04:24:33.710   19.3550   -99.2000     1.00    0.84  0.3273    10.4100      20230511042229.63
  10   2023/05/11   04:25:59.470   19.3600   -99.2050     1.00    1.50  0.9995    34.4900      20230511042559.47
  11   2023/05/11   04:29:51.630   19.3600   -99.2070     2.00    2.60  0.9999    33.6600      20230511042951.83
  12   2023/05/11   04:34:52.890   19.3660   -99.2010     1.00    1.80  0.9998    39.6200      20230511043452.89
  13   2023/05/11   04:40:07.250   19.3720   -99.2060     0.95    1.01  0.3596    10.8000      20230511051931.77
  14   2023/05/11   04:40:31.750   19.3570   -99.2120     1.00    1.30  0.9989    32.2400      20230511044031.75
  15   2023/05/11   05:13:57.730   19.3720   -99.2180     1.20    0.90  0.3536    10.6300      20230511051931.77
  16   2023/05/11   05:19:31.770   19.3600   -99.2000     1.20    1.00  0.9953    29.9000      20230511051931.77
  17   2023/05/11   06:27:07.950   19.3660   -99.1890     0.50    0.86  0.2286     9.0600      20230511043452.89
  18   2023/05/11   07:25:38.640   19.3530   -99.2060     0.50    0.61  0.2485     9.4600      20230511152523.52
  19   2023/05/11   07:43:22.960   19.3670   -99.1880     1.00    2.00  0.9999    40.7900      20230511074322.96
  20   2023/05/11   08:21:46.990   19.4230   -99.1770     1.00    1.80  0.9959    27.2100      20230511082146.62
  21   2023/05/11   09:36:53.330   19.3700   -99.1870     1.50    1.57  0.2685     9.3900      20230511042948.45
  22   2023/05/11   10:39:30.470   19.3840   -99.2200     0.50    0.83  0.4672    17.1400      20230511042556.58
  23   2023/05/11   11:32:33.040   19.3770   -99.1920     0.50    0.87  0.2592     9.5100      20230512234650.75
  24   2023/05/11   13:25:10.190   19.3670   -99.2040     1.00    1.60  0.9999    34.9800      20230511132510.19
  25   2023/05/11   14:03:07.170   19.3420   -99.2000     1.00    1.30  0.2995    10.4400      20230511143827.90
  26   2023/05/11   14:14:34.290   19.3600   -99.2060     1.50    1.38  0.3183    11.1000      20230511143827.90
  27   2023/05/11   14:21:46.960   19.3420   -99.1930     1.50    1.55  0.2477     9.0100      20230516105030.72
  28   2023/05/11   14:38:27.900   19.3600   -99.2000     1.00    1.60  0.9998    34.8600      20230511143827.90
  29   2023/05/11   14:41:19.950   19.3420   -99.2000     1.65    0.66  0.2596     9.2200      20230511144340.71
  30   2023/05/11   14:43:40.510   19.3600   -99.2060     1.90    1.20  0.9998    35.5000      20230511144340.71
  31   2023/05/11   15:05:30.920   19.3650   -99.2090     1.25    2.20  1.0000    39.2600      20230511150531.10
  32   2023/05/11   15:13:28.340   19.3480   -99.1880     1.65    0.67  0.2542     9.0300      20230511144340.71
  33   2023/05/11   15:19:02.890   19.3530   -99.1880     1.25    1.01  0.2823    10.7500      20230511152523.52
  34   2023/05/11   15:25:23.520   19.3590   -99.1880     1.00    2.00  1.0000    38.0700      20230511152523.52
  35   2023/05/11   15:58:09.090   19.3600   -99.2010     1.00    1.30  0.9997    29.1700      20230511155809.09
  36   2023/05/11   16:01:18.940   19.3420   -99.2060     1.00    0.58  0.3166    10.9900      20230511171302.41
  37   2023/05/11   16:46:23.230   19.3600   -99.2060     1.50    0.90  0.3207    10.3600      20230511165546.87
  38   2023/05/11   16:55:46.870   19.3600   -99.2000     1.00    1.20  0.9999    32.3100      20230511165546.87
  39   2023/05/11   17:13:02.410   19.3600   -99.2000     1.00    1.00  0.9998    34.7100      20230511171302.41
  40   2023/05/11   19:27:08.100   19.3660   -99.1890     1.25    0.96  0.2282     9.0400      20230511043452.89
  41   2023/05/11   20:07:49.130   19.3770   -99.2100     0.50    1.64  0.5705    20.4400      20230512101933.51
  42   2023/05/11   20:15:34.110   19.3550   -99.1940     1.00    1.09  0.2234     9.1100      20230511074322.96
  43   2023/05/11   21:00:54.500   19.3540   -99.2120     1.25    0.62  0.3238    11.2400      20230511171302.41
  44   2023/05/11   21:26:04.850   19.3480   -99.2060     1.25    1.37  0.4496    13.8600      20230512040128.42
  45   2023/05/11   21:52:17.920   19.3720   -99.1880     0.50    1.32  0.4739    14.6100      20230512040128.42
  46   2023/05/11   22:01:26.960   19.3420   -99.1940     0.50    1.24  0.2949     9.0900      20230512040128.42
