#No.      Date        Time         Lat.      Lon.        Dep.     Mag.   Coef.      Times_MAD           Reference
   1   2023/05/31   00:31:15.100   19.3780   -99.2010     0.75    1.73  0.2463     9.0500      20230515004101.40
   2   2023/05/31   02:30:20.400   19.3650   -99.1860     1.50    0.95  0.2211     9.1000      20230511074322.96
   3   2023/05/31   06:18:01.130   19.3610   -99.1880     0.50    0.75  0.2400     9.1300      20230511152523.52
   4   2023/05/31   08:19:33.150   19.3560   -99.2040     0.50    0.25  0.2813     9.1400      20230511165546.87
   5   2023/05/31   09:10:01.590   19.3640   -99.2040     0.75    0.14  0.2862     9.3000      20230511165546.87
   6   2023/05/31   09:24:54.690   19.3640   -99.1990     1.25    1.56  0.2587     9.1500      20230511042948.45
   7   2023/05/31   09:44:48.030   19.3640   -99.2040     0.50   -0.07  0.2779     9.0300      20230511165546.87
   8   2023/05/31   11:38:23.410   19.3630   -99.1940     0.75    0.97  0.2502     9.2500      20230512234650.75
   9   2023/05/31   21:35:11.300   19.3650   -99.1920     1.50    1.00  0.2213     9.1100      20230511074322.96
