#No.      Date        Time         Lat.      Lon.        Dep.     Mag.   Coef.      Times_MAD           Reference
   1   2023/05/13   02:52:48.680   19.3480   -99.1950     0.75    0.88  0.2284     9.1000      20230511043452.89
   2   2023/05/13   03:55:31.720   19.3490   -99.1920     0.75    0.97  0.2554     9.0100      20230511132510.19
   3   2023/05/13   05:00:13.730   19.3670   -99.2060     1.25    0.99  0.2211     9.0300      20230511074322.96
   4   2023/05/13   05:07:42.490   19.3480   -99.1940     0.70    1.02  0.3505    10.5500      20230511051931.77
   5   2023/05/13   05:37:49.650   19.3550   -99.2060     1.00    0.77  0.2976     9.4800      20230511042229.63
   6   2023/05/13   07:28:14.670   19.3720   -99.1870     0.75    1.35  0.2518     9.1900      20230516105030.72
   7   2023/05/13   08:51:03.920   19.3650   -99.1800     0.50    0.78  0.2507     9.3200      20230512234650.75
   8   2023/05/13   13:10:52.720   19.3590   -99.1880     1.00    1.02  0.2366     9.1000      20230511152523.52
   9   2023/05/13   13:49:08.300   19.3580   -99.2030     1.25    0.65  0.2775     9.0600      20230511042019.50
  10   2023/05/13   14:52:19.190   19.3590   -99.2220     0.75    1.48  0.2528     9.0700      20230512101933.51
  11   2023/05/13   23:22:46.270   19.3660   -99.1890     1.25    1.40  0.2655     9.0400      20230511042951.83
