#No.      Date        Time         Lat.      Lon.        Dep.     Mag.   Coef.      Times_MAD           Reference
   1   2023/05/06   03:32:01.240   19.3490   -99.2100     0.50    0.83  0.2669     9.4600      20230511132510.19
   2   2023/05/06   07:02:42.190   19.3730   -99.2060     0.75    0.62  0.2205     9.0400      20230511074322.96
   3   2023/05/06   09:08:13.950   19.3580   -99.1870     1.50    1.59  0.2776     9.6800      20230511042948.45
   4   2023/05/06   09:55:53.970   19.3450   -99.1920     1.05    0.60  0.2612     9.1000      20230511042016.80
   5   2023/05/06   10:24:32.470   19.3590   -99.2040     1.50    0.92  0.2509     9.0200      20230512101933.51
   6   2023/05/06   12:01:45.440   19.3710   -99.1980     1.00    0.86  0.2678     9.8200      20230512234650.75
   7   2023/05/06   13:21:52.650   19.3420   -99.2130     1.00    1.63  0.2691     9.0900      20230511042951.83
   8   2023/05/06   16:27:06.270   19.3480   -99.2180     1.50    1.35  0.2631     9.1900      20230511143827.90
   9   2023/05/06   17:38:20.950   19.3730   -99.2060     1.25    1.00  0.2397     9.8400      20230511074322.96
  10   2023/05/06   19:45:29.320   19.3790   -99.2040     0.50    0.99  0.2569     9.1000      20230511132510.19
  11   2023/05/06   23:58:06.350   19.3540   -99.1930     0.75    1.48  0.2608     9.4800      20230516105030.72
