#No.      Date        Time         Lat.      Lon.        Dep.     Mag.   Coef.      Times_MAD           Reference
   1   2023/05/12   04:01:28.420   19.3600   -99.2000     1.00    1.40  0.9955    30.7700      20230512040128.42
   2   2023/05/12   04:05:17.380   19.3660   -99.2120     1.25    0.43  0.3353    11.6300      20230511171302.41
   3   2023/05/12   06:01:28.290   19.3470   -99.2210     1.00    0.41  0.2298     9.0400      20230511150531.10
   4   2023/05/12   07:11:00.250   19.3670   -99.1940     1.25    0.67  0.2255     9.1700      20230511074322.96
   5   2023/05/12   07:11:30.490   19.3570   -99.2040     1.30    0.53  0.2690     9.3900      20230511042016.80
   6   2023/05/12   07:39:17.750   19.3480   -99.2060     1.90    0.54  0.2568     9.1500      20230511144340.71
   7   2023/05/12   09:39:07.570   19.3650   -99.1910     1.00    0.46  0.2325     9.1500      20230511150531.10
   8   2023/05/12   09:46:21.110   19.3880   -99.2210     0.50    0.82  0.2574     9.3900      20230515004101.40
   9   2023/05/12   10:19:33.330   19.3650   -99.2100     1.25    1.30  0.9871    35.4600      20230512101933.51
  10   2023/05/12   10:31:01.220   19.3540   -99.1880     0.50    0.42  0.3480    11.3800      20230511165546.87
  11   2023/05/12   12:20:29.700   19.3590   -99.2220     0.75    1.25  0.2591     9.3100      20230512101933.51
  12   2023/05/12   13:30:49.280   19.3710   -99.1760     0.50    0.99  0.2375     9.0400      20230511152523.52
  13   2023/05/12   15:15:28.090   19.3550   -99.2100     1.50    1.01  0.2573     9.0300      20230511132510.19
  14   2023/05/12   23:46:50.750   19.3650   -99.1920     1.00    2.20  0.9999    36.9200      20230512234650.75
