#No.      Date        Time         Lat.      Lon.        Dep.     Mag.   Coef.      Times_MAD           Reference
   1   2023/05/05   06:13:19.570   19.3710   -99.1980     1.50    0.99  0.2487     9.1400      20230512234650.75
   2   2023/05/05   06:27:48.810   19.3470   -99.1970     1.00    0.73  0.2355     9.2300      20230511150531.10
   3   2023/05/05   06:50:41.630   19.3690   -99.1870     1.50    0.66  0.2444     9.1500      20230517040903.66
   4   2023/05/05   06:50:52.770   19.3700   -99.1990     1.25    1.53  0.2613     9.1200      20230511042948.45
   5   2023/05/05   09:33:02.870   19.3470   -99.1860     0.75    0.68  0.2472     9.0800      20230512234650.75
   6   2023/05/05   10:02:41.870   19.3580   -99.1990     1.00    1.47  0.2582     9.0100      20230511042948.45
   7   2023/05/05   15:18:43.450   19.3660   -99.1990     1.25    1.57  0.2523     9.1500      20230516105030.72
   8   2023/05/05   19:25:38.770   19.3460   -99.1990     1.50    1.66  0.2678     9.3500      20230511042948.45
   9   2023/05/05   22:03:27.130   19.3750   -99.1750     1.25    1.02  0.2410     9.0200      20230517040903.66
  10   2023/05/05   23:40:51.340   19.3660   -99.2190     1.00    1.05  0.2320     9.1800      20230511043452.89
