#No.      Date        Time         Lat.      Lon.        Dep.     Mag.   Coef.      Times_MAD           Reference
   1   2023/05/02   01:28:36.190   19.3490   -99.1760     1.00    0.99  0.2225     9.0700      20230511074322.96
   2   2023/05/02   03:02:52.030   19.3480   -99.2060     1.50    0.51  0.2485     9.2700      20230522050532.53
   3   2023/05/02   06:25:37.930   19.3610   -99.2050     1.50    0.27  0.2496     9.3900      20230511042129.14
   4   2023/05/02   07:14:11.390   19.3790   -99.1820     0.50    0.63  0.2248     9.1600      20230511074322.96
   5   2023/05/02   10:57:03.770   19.3540   -99.1940     1.25    0.35  0.2861     9.2700      20230511165546.87
   6   2023/05/02   11:07:34.450   19.3710   -99.2150     0.50    0.69  0.2385     9.3200      20230511150531.10
   7   2023/05/02   11:57:31.160   19.3530   -99.2210     1.50    0.70  0.2310     9.0300      20230511150531.10
   8   2023/05/02   14:24:17.490   19.3550   -99.2050     0.50    0.64  0.2450     9.2200      20230511042129.14
   9   2023/05/02   15:43:11.030   19.3600   -99.2120     1.25    1.21  0.2984     9.1700      20230512040128.42
  10   2023/05/02   17:36:10.590   19.3390   -99.2060     1.25    1.11  0.2872     9.2300      20230511044031.75
  11   2023/05/02   18:09:22.530   19.3710   -99.1910     1.25    0.81  0.2399     9.3800      20230511150531.10
  12   2023/05/02   20:50:13.470   19.3710   -99.2220     1.50    1.58  0.2531     9.1000      20230512101933.51
  13   2023/05/02   22:50:23.580   19.3600   -99.2010     2.00    1.54  0.2708     9.1800      20230511042951.83
