#No.      Date        Time         Lat.      Lon.        Dep.     Mag.   Coef.      Times_MAD           Reference
   1   2023/05/03   02:27:30.710   19.3540   -99.1880     0.75    0.67  0.2428     9.0700      20230522050532.53
   2   2023/05/03   05:51:17.210   19.3710   -99.1800     1.25    0.90  0.2462     9.0800      20230512234650.75
   3   2023/05/03   08:47:58.770   19.3580   -99.2210     1.00    0.86  0.2493     9.1700      20230515004101.40
   4   2023/05/03   10:21:09.000   19.3850   -99.1870     1.50    0.10  0.2390     9.0600      20230511042129.14
   5   2023/05/03   11:31:48.360   19.3590   -99.1920     0.75    0.90  0.2451     9.0400      20230512234650.75
   6   2023/05/03   11:40:16.080   19.3520   -99.1870     1.50    1.61  0.2623     9.3100      20230511042948.45
   7   2023/05/03   15:11:25.720   19.3750   -99.1930     0.50    0.94  0.2495     9.3200      20230517040903.66
   8   2023/05/03   19:21:10.230   19.3630   -99.2100     0.80    0.84  0.2593     9.0200      20230511042016.80
   9   2023/05/03   21:38:03.660   19.3550   -99.1820     1.25    0.92  0.2212     9.0300      20230511074322.96
  10   2023/05/03   22:02:40.640   19.3660   -99.2190     0.50    0.99  0.2867     9.3100      20230511042412.50
