#No.      Date        Time         Lat.      Lon.        Dep.     Mag.   Coef.      Times_MAD           Reference
   1   2023/05/09   03:45:51.710   19.3750   -99.1810     1.00    0.93  0.2471     9.2500      20230517040903.66
   2   2023/05/09   05:58:18.530   19.3600   -99.2000     1.25    0.24  0.2802     9.0100      20230511165546.87
   3   2023/05/09   06:53:03.940   19.3470   -99.1980     0.75    0.87  0.2472     9.0200      20230512234650.75
   4   2023/05/09   07:06:58.070   19.3530   -99.2100     1.50    0.93  0.2723     9.9400      20230512234650.75
   5   2023/05/09   07:28:14.140   19.3400   -99.1880     0.50    1.32  0.2429     9.0000      20230515084552.67
   6   2023/05/09   08:33:53.310   19.3400   -99.1820     0.50    1.27  0.2443     9.0500      20230515084552.67
   7   2023/05/09   09:29:00.290   19.3510   -99.1920     0.80    0.20  0.2929    10.1200      20230511042016.80
   8   2023/05/09   09:49:48.680   19.3650   -99.1920     0.75    0.66  0.2632     9.6100      20230512234650.75
   9   2023/05/09   10:30:51.430   19.3540   -99.1940     0.50    0.14  0.2862     9.2100      20230511165546.87
  10   2023/05/09   10:32:19.740   19.3580   -99.1880     0.75    1.21  0.2541     9.4200      20230515084552.67
  11   2023/05/09   10:53:04.940   19.3770   -99.1800     0.50    0.73  0.2520     9.1900      20230512234650.75
  12   2023/05/09   11:12:44.120   19.3540   -99.1810     0.75    1.40  0.2486     9.0000      20230516105030.72
  13   2023/05/09   11:40:10.130   19.3490   -99.1880     1.25    1.45  0.2220     9.0800      20230511074322.96
