No.      Date        Time         Lat.      Lon.        Dep.     Mag.   Coef.      Times_MAD           Reference
   1   2023/05/01   07:31:19.130   19.3540   -99.1880     1.15    0.34  0.2579     9.2100      20230511144340.71
   2   2023/05/01   07:55:48.180   19.3470   -99.1980     1.25    0.50  0.2491     9.1600      20230512234650.75
   3   2023/05/01   09:00:16.510   19.3610   -99.1870     1.00   -0.23  0.2425     9.2100      20230511042129.14
   4   2023/05/01   09:12:04.130   19.3720   -99.2230     0.50    0.52  0.2625     9.0100      20230511042559.47
   5   2023/05/01   09:32:25.490   19.3520   -99.1990     1.00    1.50  0.2617     9.0700      20230511042948.45
   6   2023/05/01   11:49:11.700   19.3780   -99.1950     0.50    0.72  0.2363     9.3600      20230511043452.89
   7   2023/05/01   12:02:55.770   19.3670   -99.2060     0.50    0.66  0.2214     9.1200      20230511074322.96
   1   2023/05/02   01:28:36.190   19.3490   -99.1760     1.00    0.99  0.2225     9.0700      20230511074322.96
   2   2023/05/02   03:02:52.030   19.3480   -99.2060     1.50    0.51  0.2485     9.2700      20230522050532.53
   3   2023/05/02   06:25:37.930   19.3610   -99.2050     1.50    0.27  0.2496     9.3900      20230511042129.14
   4   2023/05/02   07:14:11.390   19.3790   -99.1820     0.50    0.63  0.2248     9.1600      20230511074322.96
   5   2023/05/02   10:57:03.770   19.3540   -99.1940     1.25    0.35  0.2861     9.2700      20230511165546.87
   6   2023/05/02   11:07:34.450   19.3710   -99.2150     0.50    0.69  0.2385     9.3200      20230511150531.10
   7   2023/05/02   11:57:31.160   19.3530   -99.2210     1.50    0.70  0.2310     9.0300      20230511150531.10
   8   2023/05/02   14:24:17.490   19.3550   -99.2050     0.50    0.64  0.2450     9.2200      20230511042129.14
   9   2023/05/02   15:43:11.030   19.3600   -99.2120     1.25    1.21  0.2984     9.1700      20230512040128.42
  10   2023/05/02   17:36:10.590   19.3390   -99.2060     1.25    1.11  0.2872     9.2300      20230511044031.75
  11   2023/05/02   18:09:22.530   19.3710   -99.1910     1.25    0.81  0.2399     9.3800      20230511150531.10
  12   2023/05/02   20:50:13.470   19.3710   -99.2220     1.50    1.58  0.2531     9.1000      20230512101933.51
  13   2023/05/02   22:50:23.580   19.3600   -99.2010     2.00    1.54  0.2708     9.1800      20230511042951.83
   1   2023/05/03   02:27:30.710   19.3540   -99.1880     0.75    0.67  0.2428     9.0700      20230522050532.53
   2   2023/05/03   05:51:17.210   19.3710   -99.1800     1.25    0.90  0.2462     9.0800      20230512234650.75
   3   2023/05/03   08:47:58.770   19.3580   -99.2210     1.00    0.86  0.2493     9.1700      20230515004101.40
   4   2023/05/03   10:21:09.000   19.3850   -99.1870     1.50    0.10  0.2390     9.0600      20230511042129.14
   5   2023/05/03   11:31:48.360   19.3590   -99.1920     0.75    0.90  0.2451     9.0400      20230512234650.75
   6   2023/05/03   11:40:16.080   19.3520   -99.1870     1.50    1.61  0.2623     9.3100      20230511042948.45
   7   2023/05/03   15:11:25.720   19.3750   -99.1930     0.50    0.94  0.2495     9.3200      20230517040903.66
   8   2023/05/03   19:21:10.230   19.3630   -99.2100     0.80    0.84  0.2593     9.0200      20230511042016.80
   9   2023/05/03   21:38:03.660   19.3550   -99.1820     1.25    0.92  0.2212     9.0300      20230511074322.96
  10   2023/05/03   22:02:40.640   19.3660   -99.2190     0.50    0.99  0.2867     9.3100      20230511042412.50
   1   2023/05/04   07:35:48.680   19.3470   -99.2150     0.50    0.50  0.2304     9.0100      20230511150531.10
   2   2023/05/04   08:20:44.060   19.3580   -99.1870     0.50    1.45  0.2810     9.8800      20230511042948.45
   3   2023/05/04   08:21:47.960   19.3760   -99.2170     1.50    1.44  0.2606     9.1700      20230511042948.45
   4   2023/05/04   11:16:45.650   19.3650   -99.1800     1.25    0.87  0.2549     9.3300      20230512234650.75
   5   2023/05/04   12:03:16.350   19.3580   -99.2120     1.25    1.30  0.2515     9.3600      20230515084552.67
   6   2023/05/04   21:17:00.190   19.3710   -99.2090     1.50    0.79  0.2374     9.2900      20230511150531.10
   7   2023/05/04   23:52:46.170   19.3660   -99.1940     1.00    0.72  0.2482     9.3000      20230522050532.53
   1   2023/05/05   06:13:19.570   19.3710   -99.1980     1.50    0.99  0.2487     9.1400      20230512234650.75
   2   2023/05/05   06:27:48.810   19.3470   -99.1970     1.00    0.73  0.2355     9.2300      20230511150531.10
   3   2023/05/05   06:50:41.630   19.3690   -99.1870     1.50    0.66  0.2444     9.1500      20230517040903.66
   4   2023/05/05   06:50:52.770   19.3700   -99.1990     1.25    1.53  0.2613     9.1200      20230511042948.45
   5   2023/05/05   09:33:02.870   19.3470   -99.1860     0.75    0.68  0.2472     9.0800      20230512234650.75
   6   2023/05/05   10:02:41.870   19.3580   -99.1990     1.00    1.47  0.2582     9.0100      20230511042948.45
   7   2023/05/05   15:18:43.450   19.3660   -99.1990     1.25    1.57  0.2523     9.1500      20230516105030.72
   8   2023/05/05   19:25:38.770   19.3460   -99.1990     1.50    1.66  0.2678     9.3500      20230511042948.45
   9   2023/05/05   22:03:27.130   19.3750   -99.1750     1.25    1.02  0.2410     9.0200      20230517040903.66
  10   2023/05/05   23:40:51.340   19.3660   -99.2190     1.00    1.05  0.2320     9.1800      20230511043452.89
   1   2023/05/06   03:32:01.240   19.3490   -99.2100     0.50    0.83  0.2669     9.4600      20230511132510.19
   2   2023/05/06   07:02:42.190   19.3730   -99.2060     0.75    0.62  0.2205     9.0400      20230511074322.96
   3   2023/05/06   09:08:13.950   19.3580   -99.1870     1.50    1.59  0.2776     9.6800      20230511042948.45
   4   2023/05/06   09:55:53.970   19.3450   -99.1920     1.05    0.60  0.2612     9.1000      20230511042016.80
   5   2023/05/06   10:24:32.470   19.3590   -99.2040     1.50    0.92  0.2509     9.0200      20230512101933.51
   6   2023/05/06   12:01:45.440   19.3710   -99.1980     1.00    0.86  0.2678     9.8200      20230512234650.75
   7   2023/05/06   13:21:52.650   19.3420   -99.2130     1.00    1.63  0.2691     9.0900      20230511042951.83
   8   2023/05/06   16:27:06.270   19.3480   -99.2180     1.50    1.35  0.2631     9.1900      20230511143827.90
   9   2023/05/06   17:38:20.950   19.3730   -99.2060     1.25    1.00  0.2397     9.8400      20230511074322.96
  10   2023/05/06   19:45:29.320   19.3790   -99.2040     0.50    0.99  0.2569     9.1000      20230511132510.19
  11   2023/05/06   23:58:06.350   19.3540   -99.1930     0.75    1.48  0.2608     9.4800      20230516105030.72
   1   2023/05/07   05:07:56.900   19.3460   -99.2090     1.00    0.61  0.2787     9.0500      20230511042019.50
   2   2023/05/07   05:57:24.720   19.3790   -99.2000     0.50    0.72  0.2956     9.3000      20230511042229.63
   3   2023/05/07   08:55:48.770   19.3530   -99.2090     1.50    0.46  0.2339     9.2000      20230511150531.10
   4   2023/05/07   09:35:13.100   19.3580   -99.2170     1.25    1.52  0.2598     9.1300      20230511042948.45
   5   2023/05/07   11:39:26.710   19.3780   -99.1950     0.50    0.84  0.2367     9.3900      20230511043452.89
   6   2023/05/07   12:43:25.350   19.3660   -99.2110     1.50    0.81  0.2697     9.3200      20230511042559.47
   7   2023/05/07   13:37:53.630   19.3690   -99.1810     0.50    0.78  0.2410     9.0100      20230517040903.66
   8   2023/05/07   14:05:19.390   19.3660   -99.2130     1.00    0.84  0.2275     9.0200      20230511043452.89
   9   2023/05/07   19:57:21.650   19.3600   -99.2190     2.00    1.41  0.3009    10.1700      20230511042951.83
  10   2023/05/07   20:16:59.840   19.3540   -99.2180     0.90    0.66  0.2530     9.0300      20230511144340.71
  11   2023/05/07   22:58:11.330   19.3880   -99.2210     0.75    1.35  0.2660     9.6100      20230515004101.40
   1   2023/05/08   03:05:32.860   19.3670   -99.1980     0.50    0.90  0.2597     9.0900      20230511132510.19
   2   2023/05/08   04:59:16.720   19.3720   -99.2190     1.00    0.80  0.3135     9.1700      20230511155809.09
   3   2023/05/08   05:54:32.130   19.3720   -99.1930     1.00    0.87  0.2614     9.0100      20230511042559.47
   4   2023/05/08   09:27:04.580   19.3480   -99.2000     0.75    0.13  0.2784     9.0400      20230511165546.87
   5   2023/05/08   09:56:47.300   19.3710   -99.2100     0.50    0.76  0.2456     9.0500      20230512234650.75
   6   2023/05/08   11:31:41.840   19.3600   -99.2120     1.50    0.37  0.2638     9.1100      20230511171302.41
   1   2023/05/09   03:45:51.710   19.3750   -99.1810     1.00    0.93  0.2471     9.2500      20230517040903.66
   2   2023/05/09   05:58:18.530   19.3600   -99.2000     1.25    0.24  0.2802     9.0100      20230511165546.87
   3   2023/05/09   06:53:03.940   19.3470   -99.1980     0.75    0.87  0.2472     9.0200      20230512234650.75
   4   2023/05/09   07:06:58.070   19.3530   -99.2100     1.50    0.93  0.2723     9.9400      20230512234650.75
   5   2023/05/09   07:28:14.140   19.3400   -99.1880     0.50    1.32  0.2429     9.0000      20230515084552.67
   6   2023/05/09   08:33:53.310   19.3400   -99.1820     0.50    1.27  0.2443     9.0500      20230515084552.67
   7   2023/05/09   09:29:00.290   19.3510   -99.1920     0.80    0.20  0.2929    10.1200      20230511042016.80
   8   2023/05/09   09:49:48.680   19.3650   -99.1920     0.75    0.66  0.2632     9.6100      20230512234650.75
   9   2023/05/09   10:30:51.430   19.3540   -99.1940     0.50    0.14  0.2862     9.2100      20230511165546.87
  10   2023/05/09   10:32:19.740   19.3580   -99.1880     0.75    1.21  0.2541     9.4200      20230515084552.67
  11   2023/05/09   10:53:04.940   19.3770   -99.1800     0.50    0.73  0.2520     9.1900      20230512234650.75
  12   2023/05/09   11:12:44.120   19.3540   -99.1810     0.75    1.40  0.2486     9.0000      20230516105030.72
  13   2023/05/09   11:40:10.130   19.3490   -99.1880     1.25    1.45  0.2220     9.0800      20230511074322.96
   1   2023/05/10   01:39:00.250   19.3720   -99.1810     1.25    1.53  0.2527     9.1700      20230516105030.72
   2   2023/05/10   06:38:46.580   19.3720   -99.1950     1.00    0.86  0.2482     9.8800      20230511043452.89
   3   2023/05/10   07:32:53.980   19.3760   -99.1870     1.00    1.53  0.2557     9.0100      20230511042948.45
   4   2023/05/10   07:55:08.580   19.3420   -99.2130     0.75    0.54  0.3167     9.2200      20230511155809.09
   5   2023/05/10   09:27:38.180   19.4230   -99.1950     1.00    1.65  0.3362     9.3000      20230511082146.62
   6   2023/05/10   10:08:48.650   19.3390   -99.2300     0.50    0.71  0.2802     9.0700      20230511044031.75
   7   2023/05/10   10:57:08.140   19.3520   -99.1870     1.25    1.57  0.2592     9.1300      20230511042948.45
   8   2023/05/10   10:57:41.140   19.3590   -99.2220     1.50    1.14  0.2523     9.1300      20230512101933.51
   9   2023/05/10   11:03:04.640   19.3770   -99.1800     0.50    0.88  0.2652     9.7700      20230512234650.75
  10   2023/05/10   11:03:59.340   19.3770   -99.1910     0.75    0.70  0.2299     9.0200      20230511150531.10
  11   2023/05/10   11:55:30.500   19.3480   -99.1940     1.15    0.55  0.2571     9.1300      20230511144340.71
  12   2023/05/10   12:11:11.950   19.3590   -99.1860     1.00    0.97  0.2534     9.3400      20230512234650.75
  13   2023/05/10   19:14:08.690   19.3660   -99.2180     0.50    0.82  0.2433     9.1100      20230522050532.53
   1   2023/05/11   01:47:26.550   19.3760   -99.1910     1.50    0.76  0.2814     9.0900      20230511042019.50
   2   2023/05/11   04:20:16.620   19.3630   -99.2100     1.05    2.80  1.0000    34.5300      20230511042016.80
   3   2023/05/11   04:21:29.140   19.3730   -99.1990     1.00    1.40  0.9999    37.4700      20230511042129.14
   4   2023/05/11   04:21:48.170   19.3730   -99.2110     1.00    0.78  0.3183    11.9300      20230511042129.14
   5   2023/05/11   04:22:04.430   19.3610   -99.1940     1.25    0.89  0.3843    12.2300      20230511042229.63
   6   2023/05/11   04:22:29.630   19.3730   -99.2060     1.00    1.30  0.9992    31.8000      20230511042229.63
   7   2023/05/11   04:23:09.220   19.3760   -99.2090     1.50    1.30  0.3748    13.6400      20230515004101.40
   8   2023/05/11   04:24:12.500   19.3600   -99.2010     1.00    1.00  0.9982    32.3400      20230511042412.50
   9   2023/05/11   04:24:33.710   19.3550   -99.2000     1.00    0.84  0.3273    10.4100      20230511042229.63
  10   2023/05/11   04:25:59.470   19.3600   -99.2050     1.00    1.50  0.9995    34.4900      20230511042559.47
  11   2023/05/11   04:29:51.630   19.3600   -99.2070     2.00    2.60  0.9999    33.6600      20230511042951.83
  12   2023/05/11   04:34:52.890   19.3660   -99.2010     1.00    1.80  0.9998    39.6200      20230511043452.89
  13   2023/05/11   04:40:07.250   19.3720   -99.2060     0.95    1.01  0.3596    10.8000      20230511051931.77
  14   2023/05/11   04:40:31.750   19.3570   -99.2120     1.00    1.30  0.9989    32.2400      20230511044031.75
  15   2023/05/11   05:13:57.730   19.3720   -99.2180     1.20    0.90  0.3536    10.6300      20230511051931.77
  16   2023/05/11   05:19:31.770   19.3600   -99.2000     1.20    1.00  0.9953    29.9000      20230511051931.77
  17   2023/05/11   06:27:07.950   19.3660   -99.1890     0.50    0.86  0.2286     9.0600      20230511043452.89
  18   2023/05/11   07:25:38.640   19.3530   -99.2060     0.50    0.61  0.2485     9.4600      20230511152523.52
  19   2023/05/11   07:43:22.960   19.3670   -99.1880     1.00    2.00  0.9999    40.7900      20230511074322.96
  20   2023/05/11   08:21:46.990   19.4230   -99.1770     1.00    1.80  0.9959    27.2100      20230511082146.62
  21   2023/05/11   09:36:53.330   19.3700   -99.1870     1.50    1.57  0.2685     9.3900      20230511042948.45
  22   2023/05/11   10:39:30.470   19.3840   -99.2200     0.50    0.83  0.4672    17.1400      20230511042556.58
  23   2023/05/11   11:32:33.040   19.3770   -99.1920     0.50    0.87  0.2592     9.5100      20230512234650.75
  24   2023/05/11   13:25:10.190   19.3670   -99.2040     1.00    1.60  0.9999    34.9800      20230511132510.19
  25   2023/05/11   14:03:07.170   19.3420   -99.2000     1.00    1.30  0.2995    10.4400      20230511143827.90
  26   2023/05/11   14:14:34.290   19.3600   -99.2060     1.50    1.38  0.3183    11.1000      20230511143827.90
  27   2023/05/11   14:21:46.960   19.3420   -99.1930     1.50    1.55  0.2477     9.0100      20230516105030.72
  28   2023/05/11   14:38:27.900   19.3600   -99.2000     1.00    1.60  0.9998    34.8600      20230511143827.90
  29   2023/05/11   14:41:19.950   19.3420   -99.2000     1.65    0.66  0.2596     9.2200      20230511144340.71
  30   2023/05/11   14:43:40.510   19.3600   -99.2060     1.90    1.20  0.9998    35.5000      20230511144340.71
  31   2023/05/11   15:05:30.920   19.3650   -99.2090     1.25    2.20  1.0000    39.2600      20230511150531.10
  32   2023/05/11   15:13:28.340   19.3480   -99.1880     1.65    0.67  0.2542     9.0300      20230511144340.71
  33   2023/05/11   15:19:02.890   19.3530   -99.1880     1.25    1.01  0.2823    10.7500      20230511152523.52
  34   2023/05/11   15:25:23.520   19.3590   -99.1880     1.00    2.00  1.0000    38.0700      20230511152523.52
  35   2023/05/11   15:58:09.090   19.3600   -99.2010     1.00    1.30  0.9997    29.1700      20230511155809.09
  36   2023/05/11   16:01:18.940   19.3420   -99.2060     1.00    0.58  0.3166    10.9900      20230511171302.41
  37   2023/05/11   16:46:23.230   19.3600   -99.2060     1.50    0.90  0.3207    10.3600      20230511165546.87
  38   2023/05/11   16:55:46.870   19.3600   -99.2000     1.00    1.20  0.9999    32.3100      20230511165546.87
  39   2023/05/11   17:13:02.410   19.3600   -99.2000     1.00    1.00  0.9998    34.7100      20230511171302.41
  40   2023/05/11   19:27:08.100   19.3660   -99.1890     1.25    0.96  0.2282     9.0400      20230511043452.89
  41   2023/05/11   20:07:49.130   19.3770   -99.2100     0.50    1.64  0.5705    20.4400      20230512101933.51
  42   2023/05/11   20:15:34.110   19.3550   -99.1940     1.00    1.09  0.2234     9.1100      20230511074322.96
  43   2023/05/11   21:00:54.500   19.3540   -99.2120     1.25    0.62  0.3238    11.2400      20230511171302.41
  44   2023/05/11   21:26:04.850   19.3480   -99.2060     1.25    1.37  0.4496    13.8600      20230512040128.42
  45   2023/05/11   21:52:17.920   19.3720   -99.1880     0.50    1.32  0.4739    14.6100      20230512040128.42
  46   2023/05/11   22:01:26.960   19.3420   -99.1940     0.50    1.24  0.2949     9.0900      20230512040128.42
   1   2023/05/12   04:01:28.420   19.3600   -99.2000     1.00    1.40  0.9955    30.7700      20230512040128.42
   2   2023/05/12   04:05:17.380   19.3660   -99.2120     1.25    0.43  0.3353    11.6300      20230511171302.41
   3   2023/05/12   06:01:28.290   19.3470   -99.2210     1.00    0.41  0.2298     9.0400      20230511150531.10
   4   2023/05/12   07:11:00.250   19.3670   -99.1940     1.25    0.67  0.2255     9.1700      20230511074322.96
   5   2023/05/12   07:11:30.490   19.3570   -99.2040     1.30    0.53  0.2690     9.3900      20230511042016.80
   6   2023/05/12   07:39:17.750   19.3480   -99.2060     1.90    0.54  0.2568     9.1500      20230511144340.71
   7   2023/05/12   09:39:07.570   19.3650   -99.1910     1.00    0.46  0.2325     9.1500      20230511150531.10
   8   2023/05/12   09:46:21.110   19.3880   -99.2210     0.50    0.82  0.2574     9.3900      20230515004101.40
   9   2023/05/12   10:19:33.330   19.3650   -99.2100     1.25    1.30  0.9871    35.4600      20230512101933.51
  10   2023/05/12   10:31:01.220   19.3540   -99.1880     0.50    0.42  0.3480    11.3800      20230511165546.87
  11   2023/05/12   12:20:29.700   19.3590   -99.2220     0.75    1.25  0.2591     9.3100      20230512101933.51
  12   2023/05/12   13:30:49.280   19.3710   -99.1760     0.50    0.99  0.2375     9.0400      20230511152523.52
  13   2023/05/12   15:15:28.090   19.3550   -99.2100     1.50    1.01  0.2573     9.0300      20230511132510.19
  14   2023/05/12   23:46:50.750   19.3650   -99.1920     1.00    2.20  0.9999    36.9200      20230512234650.75
   1   2023/05/13   02:52:48.680   19.3480   -99.1950     0.75    0.88  0.2284     9.1000      20230511043452.89
   2   2023/05/13   03:55:31.720   19.3490   -99.1920     0.75    0.97  0.2554     9.0100      20230511132510.19
   3   2023/05/13   05:00:13.730   19.3670   -99.2060     1.25    0.99  0.2211     9.0300      20230511074322.96
   4   2023/05/13   05:07:42.490   19.3480   -99.1940     0.70    1.02  0.3505    10.5500      20230511051931.77
   5   2023/05/13   05:37:49.650   19.3550   -99.2060     1.00    0.77  0.2976     9.4800      20230511042229.63
   6   2023/05/13   07:28:14.670   19.3720   -99.1870     0.75    1.35  0.2518     9.1900      20230516105030.72
   7   2023/05/13   08:51:03.920   19.3650   -99.1800     0.50    0.78  0.2507     9.3200      20230512234650.75
   8   2023/05/13   13:10:52.720   19.3590   -99.1880     1.00    1.02  0.2366     9.1000      20230511152523.52
   9   2023/05/13   13:49:08.300   19.3580   -99.2030     1.25    0.65  0.2775     9.0600      20230511042019.50
  10   2023/05/13   14:52:19.190   19.3590   -99.2220     0.75    1.48  0.2528     9.0700      20230512101933.51
  11   2023/05/13   23:22:46.270   19.3660   -99.1890     1.25    1.40  0.2655     9.0400      20230511042951.83
   1   2023/05/14   02:33:02.170   19.3480   -99.2130     1.25    1.06  0.3063     9.1000      20230511155809.09
   2   2023/05/14   05:28:53.790   19.4170   -99.1770     0.75    1.82  0.3301     9.2000      20230511082146.62
   3   2023/05/14   06:43:13.760   19.3600   -99.2000     0.75    0.40  0.2731     9.0100      20230511165546.87
   4   2023/05/14   11:03:50.940   19.3720   -99.1940     0.50    0.06  0.2807     9.2600      20230511165546.87
   5   2023/05/14   11:46:46.060   19.3580   -99.1820     1.50    1.24  0.2434     9.0500      20230515084552.67
   6   2023/05/14   11:51:42.460   19.3580   -99.1930     1.00    1.51  0.2722     9.7500      20230511042948.45
   7   2023/05/14   12:45:41.650   19.3730   -99.2000     0.75    0.69  0.2241     9.1200      20230511074322.96
   8   2023/05/14   12:52:59.830   19.3420   -99.1890     1.25    1.31  0.2685     9.1200      20230511042951.83
   9   2023/05/14   14:56:01.620   19.3540   -99.1880     1.00    1.21  0.2600     9.1600      20230511143827.90
  10   2023/05/14   16:21:41.020   19.3420   -99.2000     0.50    0.65  0.2447     9.1400      20230522050532.53
  11   2023/05/14   16:29:41.390   19.3760   -99.1910     1.00    1.22  0.2547     9.1900      20230515004101.40
  12   2023/05/14   23:05:12.120   19.3600   -99.2070     1.25    0.93  0.2279     9.0700      20230511043452.89
  13   2023/05/14   23:43:48.030   19.3450   -99.2050     1.25    0.88  0.2408     9.0400      20230517040903.66
   1   2023/05/15   00:41:01.400   19.3760   -99.2030     1.00    1.80  0.9988    36.1800      20230515004101.40
   2   2023/05/15   04:55:23.810   19.3700   -99.1850     0.50    0.56  0.2831     9.1600      20230511042019.50
   3   2023/05/15   07:21:56.720   19.3470   -99.2040     1.00    0.61  0.2623     9.7100      20230512234650.75
   4   2023/05/15   07:54:04.780   19.3790   -99.1870     1.00    0.07  0.2456     9.2700      20230511042129.14
   5   2023/05/15   08:45:52.670   19.3580   -99.1940     1.00    1.80  0.9982    36.9000      20230515084552.67
   6   2023/05/15   09:55:47.110   19.3520   -99.1990     0.50    1.49  0.2624     9.1900      20230511042948.45
   7   2023/05/15   10:15:33.600   19.3700   -99.1870     1.00    1.45  0.2574     9.0200      20230511042948.45
   8   2023/05/15   10:37:30.760   19.3610   -99.2240     0.75    0.55  0.2886     9.1500      20230511042229.63
   9   2023/05/15   11:19:13.890   19.3690   -99.2160     1.30    0.48  0.2633     9.1900      20230511042016.80
  10   2023/05/15   11:34:16.360   19.3460   -99.1990     1.25    1.59  0.2584     9.0500      20230511042948.45
  11   2023/05/15   12:55:35.780   19.3730   -99.1920     0.75    1.03  0.2731     9.6000      20230511132510.19
  12   2023/05/15   17:34:53.560   19.3470   -99.2160     0.50    1.37  0.2615     9.3200      20230512101933.51
   1   2023/05/16   04:47:56.430   19.3490   -99.1820     0.50    0.69  0.2222     9.0800      20230511074322.96
   2   2023/05/16   06:28:15.570   19.3480   -99.1940     1.00    0.21  0.2881     9.3100      20230511165546.87
   3   2023/05/16   06:46:40.610   19.3700   -99.1870     1.50    1.52  0.2609     9.1600      20230511042948.45
   4   2023/05/16   06:51:35.110   19.3510   -99.1980     0.30    0.49  0.2672     9.2800      20230511042016.80
   5   2023/05/16   07:04:07.160   19.3650   -99.2100     0.50    0.64  0.2488     9.1400      20230512234650.75
   6   2023/05/16   07:56:53.840   19.3700   -99.2000     0.75    1.24  0.2557     9.4900      20230515084552.67
   7   2023/05/16   08:14:21.870   19.3710   -99.1980     0.50    0.72  0.2467     9.0700      20230512234650.75
   8   2023/05/16   08:34:58.920   19.3540   -99.2000     1.00    0.05  0.3016     9.7500      20230511165546.87
   9   2023/05/16   08:56:29.360   19.3580   -99.1990     1.25    1.40  0.2706     9.5000      20230511042948.45
  10   2023/05/16   09:27:58.590   19.3650   -99.1920     1.00    0.69  0.2453     9.0200      20230512234650.75
  11   2023/05/16   09:31:57.840   19.3580   -99.2170     0.50    1.42  0.2584     9.0800      20230511042948.45
  12   2023/05/16   09:52:01.670   19.3520   -99.1930     1.25    1.42  0.2610     9.1700      20230511042948.45
  13   2023/05/16   09:53:16.490   19.3480   -99.1940     1.25    0.04  0.2642     9.1700      20230511171302.41
  14   2023/05/16   10:06:54.270   19.3540   -99.1880     1.50   -0.15  0.2956     9.5500      20230511165546.87
  15   2023/05/16   10:18:04.530   19.3650   -99.2040     0.50    0.69  0.2489     9.1500      20230512234650.75
  16   2023/05/16   10:50:30.720   19.3600   -99.1930     1.00    1.60  0.9997    36.3600      20230516105030.72
  17   2023/05/16   13:17:28.320   19.3760   -99.1970     0.50    1.48  0.2491     9.0900      20230515004101.40
  18   2023/05/16   14:52:22.750   19.3660   -99.1890     1.50    1.10  0.3086     9.0000      20230511155809.09
  19   2023/05/16   18:11:40.220   19.3550   -99.1920     1.25    1.02  0.2646     9.3100      20230511132510.19
   1   2023/05/17   03:42:18.450   19.3720   -99.2050     0.75    1.51  0.2490     9.0900      20230516105030.72
   2   2023/05/17   04:09:03.660   19.3630   -99.1870     1.00    1.60  0.9983    37.6000      20230517040903.66
   3   2023/05/17   07:35:09.200   19.3570   -99.1980     1.30    0.48  0.2795     9.6900      20230511042016.80
   4   2023/05/17   08:51:29.350   19.3650   -99.2160     1.25    1.07  0.2532     9.0200      20230512101933.51
   5   2023/05/17   11:13:22.480   19.3540   -99.1940     1.25    0.55  0.2760     9.0200      20230511165546.87
   6   2023/05/17   11:29:30.360   19.3730   -99.2110     0.50    0.28  0.2446     9.1800      20230511042129.14
   7   2023/05/17   12:58:41.030   19.3600   -99.2190     0.75    0.93  0.2297     9.1300      20230511043452.89
   8   2023/05/17   15:04:10.640   19.3480   -99.1950     1.25    1.06  0.2268     9.0200      20230511043452.89
   9   2023/05/17   15:39:02.870   19.3710   -99.2040     0.75    1.12  0.2729    10.0800      20230512234650.75
  10   2023/05/17   15:53:53.840   19.3540   -99.2000     0.75    1.30  0.2606     9.0700      20230511143827.90
  11   2023/05/17   17:22:26.110   19.3670   -99.1820     0.75    1.07  0.2212     9.0300      20230511074322.96
  12   2023/05/17   19:24:01.850   19.3610   -99.2100     1.50    0.97  0.2575     9.0100      20230511132510.19
  13   2023/05/17   20:48:24.720   19.3770   -99.1910     1.50    0.99  0.2377     9.3800      20230511150531.10
   1   2023/05/18   05:03:19.230   19.3540   -99.2060     0.50    1.14  0.2594     9.0600      20230511143827.90
   2   2023/05/18   08:00:30.140   19.3520   -99.2110     1.25    1.57  0.2656     9.3900      20230511042948.45
   3   2023/05/18   08:02:23.310   19.3770   -99.1980     1.25    0.96  0.2585     9.3000      20230512101933.51
   4   2023/05/18   08:12:30.050   19.3540   -99.2180     0.75    0.85  0.2951     9.1100      20230512040128.42
   5   2023/05/18   08:21:43.090   19.3540   -99.2070     1.25    0.30  0.3152     9.2300      20230511155809.09
   6   2023/05/18   09:00:27.990   19.3580   -99.1910     0.50    0.18  0.2832     9.1400      20230511042019.50
   7   2023/05/18   12:07:12.230   19.3480   -99.2130     0.75    0.74  0.2300     9.1400      20230511043452.89
   8   2023/05/18   16:57:36.000   19.3750   -99.2050     1.25    0.97  0.2424     9.0700      20230517040903.66
   1   2023/05/19   04:30:22.310   19.3690   -99.2240     0.75    1.13  0.2849     9.3000      20230511044031.75
   2   2023/05/19   04:57:54.040   19.3660   -99.1940     0.75    0.68  0.2418     9.0300      20230522050532.53
   3   2023/05/19   06:18:10.250   19.3570   -99.1990     1.50    0.56  0.2528     9.4900      20230517040903.66
   4   2023/05/19   08:23:48.040   19.3540   -99.1880     0.50    0.70  0.2727     9.5300      20230511143827.90
   5   2023/05/19   09:33:06.410   19.3660   -99.1880     1.50   -0.02  0.2775     9.0800      20230511165546.87
   6   2023/05/19   09:56:34.750   19.3520   -99.1940     1.50    1.34  0.2417     9.0100      20230515084552.67
   7   2023/05/19   11:39:38.220   19.3710   -99.1760     1.00    0.86  0.2493     9.5100      20230511152523.52
   8   2023/05/19   11:44:38.480   19.3540   -99.2000     0.50    0.69  0.2758     9.0300      20230511165546.87
   9   2023/05/19   13:12:47.900   19.3550   -99.1880     0.75    0.65  0.2472    10.0400      20230511074322.96
  10   2023/05/19   18:13:45.780   19.3470   -99.1940     1.00    0.91  0.2390     9.1100      20230511152523.52
  11   2023/05/19   19:11:47.770   19.3520   -99.2120     1.50    1.65  0.2430     9.0600      20230515084552.67
  12   2023/05/19   21:24:54.240   19.3710   -99.1970     1.00    0.79  0.2291     9.0100      20230511150531.10
  13   2023/05/19   22:53:54.700   19.3510   -99.1810     1.00    0.93  0.2455     9.2200      20230517040903.66
   1   2023/05/20   00:04:05.560   19.3670   -99.1760     1.50    1.07  0.2335     9.5400      20230511074322.96
   2   2023/05/20   01:35:08.580   19.3420   -99.1950     1.75    1.43  0.2695     9.1200      20230511042951.83
   3   2023/05/20   07:43:01.210   19.3600   -99.2230     0.50    0.81  0.2612     9.0900      20230511042559.47
   4   2023/05/20   11:22:35.910   19.3480   -99.1880     1.50    0.17  0.2825     9.2200      20230511165546.87
   5   2023/05/20   12:02:46.120   19.3660   -99.2120     0.50    0.53  0.2937     9.5900      20230511165546.87
   6   2023/05/20   13:53:09.690   19.3610   -99.1760     1.00    1.06  0.2263     9.2400      20230511074322.96
   1   2023/05/21   00:33:59.030   19.3530   -99.1880     0.50    0.99  0.2398     9.2300      20230511152523.52
   2   2023/05/21   01:41:25.310   19.3540   -99.2080     1.00    0.81  0.2517     9.0400      20230511042556.58
   3   2023/05/21   10:44:30.100   19.3600   -99.1810     0.50    1.03  0.2649     9.6700      20230516105030.72
   4   2023/05/21   10:49:57.960   19.3600   -99.1880     1.50    0.32  0.2878     9.5100      20230511165546.87
   5   2023/05/21   10:58:12.690   19.3420   -99.1950     1.25    0.32  0.3055     9.0700      20230511155809.09
   6   2023/05/21   12:23:20.640   19.3700   -99.2170     0.75    1.54  0.2512     9.0100      20230511042948.45
   7   2023/05/21   14:23:51.560   19.3530   -99.1910     0.50    0.71  0.2358     9.3600      20230511150531.10
   8   2023/05/21   14:28:31.770   19.3660   -99.2120     0.50    1.00  0.2895     9.0900      20230512040128.42
   9   2023/05/21   16:27:40.320   19.3530   -99.2100     0.75    1.29  0.2589     9.1600      20230512101933.51
  10   2023/05/21   17:21:00.530   19.3420   -99.1940     1.25    0.59  0.2546     9.4900      20230522050532.53
  11   2023/05/21   19:11:28.590   19.3470   -99.1920     1.50    1.02  0.2469     9.3400      20230512234650.75
   1   2023/05/22   02:39:06.230   19.3480   -99.2070     2.00    1.43  0.2889     9.7100      20230511042951.83
   2   2023/05/22   02:43:37.780   19.3480   -99.1880     0.75    0.50  0.2786     9.0900      20230511165546.87
   3   2023/05/22   03:39:57.220   19.3580   -99.1910     1.50    1.16  0.2556     9.2500      20230515004101.40
   4   2023/05/22   05:05:32.530   19.3600   -99.2000     1.00    1.30  0.9998    36.9000      20230522050532.53
   5   2023/05/22   07:29:45.470   19.3540   -99.1880     0.75    0.20  0.2798     9.1300      20230511165546.87
   6   2023/05/22   07:41:32.100   19.3720   -99.2190     1.00    0.77  0.2415     9.5700      20230511043452.89
   7   2023/05/22   08:59:47.130   19.3750   -99.1810     1.50    0.45  0.2458     9.2300      20230517040903.66
   8   2023/05/22   10:03:06.230   19.3600   -99.1880     1.25    0.10  0.2875     9.3800      20230511165546.87
   9   2023/05/22   10:26:31.020   19.3760   -99.2030     1.25    0.37  0.2843     9.2200      20230511042019.50
  10   2023/05/22   11:11:55.520   19.3530   -99.2030     1.25    0.70  0.2375     9.3700      20230511150531.10
  11   2023/05/22   11:19:31.470   19.3710   -99.1860     1.25    0.75  0.2547     9.5300      20230512234650.75
  12   2023/05/22   13:48:31.530   19.3480   -99.2000     0.75    0.76  0.2445     9.0200      20230522050532.53
  13   2023/05/22   15:33:02.050   19.3480   -99.1870     0.50    1.46  0.2575     9.4100      20230516105030.72
  14   2023/05/22   18:55:23.360   19.3530   -99.1970     1.25    0.76  0.2289     9.0300      20230511150531.10
  15   2023/05/22   22:36:55.830   19.3730   -99.1870     1.25    0.68  0.2447     9.1900      20230511042129.14
   1   2023/05/23   00:29:32.070   19.3770   -99.2030     0.50    0.76  0.2351     9.2900      20230511150531.10
   2   2023/05/23   07:17:26.200   19.3400   -99.1880     0.50    1.21  0.2432     9.0200      20230515084552.67
   3   2023/05/23   07:39:06.000   19.3460   -99.2110     1.00    1.52  0.2613     9.2000      20230511042948.45
   4   2023/05/23   07:48:43.190   19.3640   -99.1930     0.50    1.54  0.2720     9.5800      20230511042948.45
   5   2023/05/23   09:30:35.240   19.3520   -99.1870     1.50    1.51  0.2598     9.1500      20230511042948.45
   6   2023/05/23   10:03:35.540   19.3720   -99.2110     1.50    0.57  0.2675     9.2900      20230511042559.47
   7   2023/05/23   10:21:43.410   19.3420   -99.2180     0.75    0.35  0.2790     9.0700      20230511165546.87
   8   2023/05/23   10:25:31.640   19.3520   -99.2110     0.75    1.56  0.2682     9.4400      20230511042948.45
   9   2023/05/23   10:28:34.880   19.3700   -99.1870     1.25    1.51  0.2954    10.4000      20230511042948.45
  10   2023/05/23   10:56:46.550   19.3710   -99.1980     0.50    0.97  0.2711    10.0400      20230512234650.75
  11   2023/05/23   19:21:34.110   19.3480   -99.1880     0.75    0.78  0.2513     9.3400      20230522050532.53
   1   2023/05/24   06:10:02.290   19.3420   -99.2000     1.00    0.40  0.2835     9.2500      20230511165546.87
   2   2023/05/24   08:31:53.310   19.3590   -99.1800     1.00    0.65  0.2512     9.2800      20230512234650.75
   3   2023/05/24   08:43:56.760   19.3530   -99.2150     1.25    0.64  0.2353     9.2500      20230511150531.10
   4   2023/05/24   09:45:40.460   19.3580   -99.2170     1.50    1.62  0.2560     9.0400      20230511042948.45
   5   2023/05/24   09:49:51.030   19.3670   -99.1880     0.50    0.56  0.2201     9.0300      20230511074322.96
   6   2023/05/24   10:07:16.140   19.3880   -99.1910     0.50    0.83  0.2549     9.3700      20230515004101.40
   7   2023/05/24   10:18:24.900   19.3450   -99.1980     1.05    0.34  0.2765     9.6200      20230511042016.80
   8   2023/05/24   13:19:15.490   19.3540   -99.2010     1.00    1.00  0.2270     9.0400      20230511043452.89
   9   2023/05/24   16:03:21.860   19.3650   -99.2030     0.75    0.78  0.2311     9.0900      20230511150531.10
  10   2023/05/24   16:45:59.400   19.3610   -99.2170     1.00    0.63  0.2389     9.0500      20230511042129.14
  11   2023/05/24   18:39:51.380   19.3480   -99.1990     1.25    1.48  0.2559     9.3700      20230516105030.72
  12   2023/05/24   22:06:16.100   19.3710   -99.2060     1.50    0.98  0.2400     9.1600      20230511152523.52
   1   2023/05/25   03:47:59.850   19.3720   -99.1890     0.75    0.70  0.3189     9.2700      20230511155809.09
   2   2023/05/25   04:52:25.470   19.3480   -99.1810     1.25    1.43  0.2447     9.0000      20230516105030.72
   3   2023/05/25   06:40:41.140   19.3660   -99.2120     0.75    0.40  0.2992     9.7800      20230511165546.87
   4   2023/05/25   06:51:08.690   19.3660   -99.1890     1.50    1.29  0.2738     9.3800      20230511042951.83
   5   2023/05/25   08:14:02.560   19.3640   -99.1870     0.75    1.49  0.2563     9.0500      20230511042948.45
   6   2023/05/25   08:24:15.220   19.3700   -99.1870     1.25    1.52  0.2798     9.8800      20230511042948.45
   7   2023/05/25   10:16:01.910   19.3690   -99.1920     1.05    0.55  0.2704     9.4000      20230511042016.80
   8   2023/05/25   11:05:42.380   19.3700   -99.1870     0.75    1.50  0.2607     9.2000      20230511042948.45
   9   2023/05/25   19:26:54.850   19.3470   -99.1880     1.50    0.98  0.2365     9.0400      20230511152523.52
  10   2023/05/25   22:54:45.320   19.3490   -99.1980     0.75    0.99  0.2568     9.0500      20230511132510.19
  11   2023/05/25   23:06:35.720   19.3770   -99.2220     0.50    1.54  0.2550     9.1800      20230512101933.51
   1   2023/05/26   07:05:32.550   19.3640   -99.2120     1.25    1.30  0.2467     9.3400      20230515084552.67
   2   2023/05/26   07:17:47.110   19.3850   -99.2110     1.00    0.22  0.2378     9.1200      20230511042129.14
   3   2023/05/26   07:35:05.860   19.3580   -99.1930     0.75    1.56  0.2526     9.0600      20230511042948.45
   4   2023/05/26   08:19:32.770   19.3450   -99.1930     1.25    0.62  0.2464     9.4100      20230517040903.66
   5   2023/05/26   08:23:35.820   19.3420   -99.2120     0.75    0.83  0.2910     9.2100      20230512040128.42
   6   2023/05/26   10:08:29.010   19.3600   -99.1880     1.50    0.68  0.2927     9.2700      20230512040128.42
   7   2023/05/26   10:09:18.980   19.3730   -99.2000     1.00    0.69  0.2208     9.1000      20230511074322.96
   8   2023/05/26   10:42:17.510   19.3510   -99.1750     0.75    0.76  0.2396     9.1500      20230517040903.66
   9   2023/05/26   10:47:35.040   19.3420   -99.2060     1.00    0.69  0.2848     9.0100      20230512040128.42
  10   2023/05/26   11:29:37.880   19.3480   -99.2060     1.00    0.42  0.2764     9.1600      20230511165546.87
  11   2023/05/26   11:33:29.400   19.3600   -99.1940     0.75    0.24  0.2786     9.2300      20230511165546.87
  12   2023/05/26   15:15:17.420   19.3710   -99.1760     1.50    0.95  0.2427     9.3700      20230511152523.52
  13   2023/05/26   21:18:59.340   19.3670   -99.1820     1.00    1.01  0.2249     9.2700      20230511074322.96
   1   2023/05/27   02:49:51.240   19.3660   -99.2230     1.50    0.99  0.2644     9.2300      20230511042559.47
   2   2023/05/27   04:57:39.000   19.3610   -99.1870     0.75    0.29  0.2533     9.5800      20230511042129.14
   3   2023/05/27   06:07:32.950   19.3550   -99.2060     0.75    0.72  0.2299     9.4200      20230511074322.96
   4   2023/05/27   10:57:16.370   19.3540   -99.1940     0.75    0.06  0.2843     9.3300      20230511165546.87
   5   2023/05/27   11:01:05.570   19.3590   -99.2100     1.00    0.76  0.2452     9.1800      20230512234650.75
   6   2023/05/27   13:34:27.370   19.3880   -99.2090     0.75    1.29  0.2484     9.0700      20230515004101.40
   7   2023/05/27   14:24:47.550   19.3540   -99.1880     0.75    0.74  0.2918     9.5800      20230511165546.87
   8   2023/05/27   22:53:31.850   19.3770   -99.1910     1.50    0.89  0.2373     9.3700      20230511150531.10
   1   2023/05/28   00:20:27.030   19.3550   -99.2220     0.75    1.11  0.2638     9.4400      20230511132510.19
   2   2023/05/28   01:48:09.400   19.3630   -99.2050     0.50    0.96  0.2423     9.1200      20230517040903.66
   3   2023/05/28   01:55:51.340   19.3750   -99.1870     0.50    0.84  0.2403     9.0400      20230517040903.66
   4   2023/05/28   05:43:50.340   19.3480   -99.2070     1.25    0.66  0.2827     9.1400      20230511042412.50
   5   2023/05/28   07:16:04.790   19.3470   -99.2000     1.00    0.73  0.2328     9.0200      20230511152523.52
   6   2023/05/28   10:45:44.590   19.3580   -99.1870     1.00    1.56  0.2514     9.0300      20230511042948.45
   7   2023/05/28   11:36:12.830   19.3480   -99.2180     1.50    0.46  0.2750     9.0900      20230511165546.87
   8   2023/05/28   12:49:08.200   19.3480   -99.2010     0.75    0.82  0.2302     9.1800      20230511043452.89
   9   2023/05/28   13:26:36.480   19.3610   -99.1920     1.00    0.95  0.2515     9.0000      20230511132510.19
  10   2023/05/28   13:59:51.050   19.3470   -99.1920     1.25    1.33  0.2608     9.3800      20230512101933.51
  11   2023/05/28   16:45:45.580   19.3670   -99.1920     1.25    0.85  0.2565     9.1800      20230511132510.19
   1   2023/05/29   04:39:31.650   19.3660   -99.1890     1.25    0.89  0.3255     9.5500      20230511155809.09
   2   2023/05/29   07:45:05.490   19.3760   -99.1870     1.25    1.48  0.2632     9.2400      20230511042948.45
   3   2023/05/29   10:26:25.540   19.3710   -99.1910     0.75    0.31  0.2321     9.1700      20230511150531.10
   4   2023/05/29   10:35:31.910   19.3550   -99.1940     1.50    0.69  0.2870     9.0900      20230511042229.63
   5   2023/05/29   11:20:14.090   19.3540   -99.2000     1.50    0.51  0.2951     9.5300      20230511165546.87
   6   2023/05/29   13:26:44.980   19.3420   -99.2000     1.40    0.67  0.2704     9.7000      20230511144340.71
   7   2023/05/29   13:51:46.220   19.3610   -99.2110     0.75    0.63  0.2374     9.0500      20230511042129.14
   8   2023/05/29   22:59:46.980   19.3630   -99.1990     0.50    0.93  0.2527     9.4700      20230517040903.66
   1   2023/05/30   01:10:49.000   19.3510   -99.1980     0.30    0.79  0.2638     9.1800      20230511042016.80
   2   2023/05/30   04:34:34.250   19.3650   -99.2210     0.75    0.82  0.2314     9.1600      20230511150531.10
   3   2023/05/30   05:03:48.560   19.3760   -99.1870     1.50    1.64  0.2586     9.0700      20230511042948.45
   4   2023/05/30   06:27:17.930   19.3540   -99.1940     1.50    0.15  0.2792     9.7400      20230511171302.41
   5   2023/05/30   07:57:33.670   19.3600   -99.2060     1.50    0.80  0.2945     9.1100      20230512040128.42
   6   2023/05/30   08:39:30.830   19.3690   -99.1980     1.30    0.41  0.2810     9.7800      20230511042016.80
   7   2023/05/30   08:45:07.330   19.3720   -99.1890     1.00    1.19  0.2735     9.3200      20230511042951.83
   8   2023/05/30   08:48:28.530   19.3460   -99.2060     1.00    1.21  0.2430     9.0700      20230515084552.67
   9   2023/05/30   08:49:06.220   19.3420   -99.2180     0.50    0.25  0.2795     9.0100      20230511165546.87
  10   2023/05/30   08:55:01.860   19.3420   -99.1940     0.50    0.02  0.2805     9.0400      20230511165546.87
  11   2023/05/30   09:16:56.220   19.3760   -99.2050     0.75    1.66  0.2712     9.5100      20230511042948.45
  12   2023/05/30   09:43:23.260   19.3850   -99.1940     1.00    0.56  0.2833     9.0000      20230511042229.63
  13   2023/05/30   09:45:29.690   19.3700   -99.1910     1.25    0.83  0.2549     9.3400      20230515004101.40
  14   2023/05/30   09:50:20.660   19.3700   -99.1870     0.75    1.50  0.2719     9.5300      20230511042948.45
  15   2023/05/30   10:58:48.260   19.3470   -99.1970     1.25    0.65  0.2280     9.0200      20230511150531.10
  16   2023/05/30   11:27:11.830   19.3700   -99.1990     1.00    1.74  0.2798     9.8100      20230511042948.45
  17   2023/05/30   12:03:16.700   19.3600   -99.2110     0.50    1.40  0.2473     9.0600      20230516105030.72
  18   2023/05/30   12:38:45.790   19.3420   -99.1810     1.25    1.54  0.2489     9.1200      20230516105030.72
  19   2023/05/30   13:10:41.820   19.3480   -99.1940     0.50    0.83  0.2407     9.0000      20230522050532.53
  20   2023/05/30   15:55:13.670   19.3760   -99.1990     1.25    1.73  0.2692     9.4400      20230511042948.45
  21   2023/05/30   18:32:08.480   19.3750   -99.1870     0.50    0.90  0.2458     9.2000      20230517040903.66
   1   2023/05/31   03:42:35.390   19.3850   -99.2060     0.75    1.06  0.2829     9.0300      20230511042229.63
   2   2023/05/31   06:55:04.770   19.3610   -99.1820     0.75    0.62  0.2206     9.0900      20230511074322.96
   3   2023/05/31   07:17:07.520   19.3590   -99.1980     1.50    0.82  0.2526     9.3300      20230512234650.75
   4   2023/05/31   07:54:51.010   19.3880   -99.1910     1.50    0.95  0.2504     9.2000      20230515004101.40
   5   2023/05/31   08:19:32.890   19.3540   -99.2120     1.00    0.25  0.2813     9.1600      20230511165546.87
   6   2023/05/31   08:44:34.860   19.3600   -99.1930     1.50    0.75  0.2603     9.0600      20230511042559.47
   7   2023/05/31   09:10:01.150   19.3660   -99.2180     1.50    0.14  0.2843     9.2500      20230511165546.87
   8   2023/05/31   09:24:54.690   19.3640   -99.1990     1.25    1.56  0.2587     9.1400      20230511042948.45
   9   2023/05/31   09:40:00.160   19.3470   -99.1880     0.50    0.52  0.2414     9.2000      20230511152523.52
  10   2023/05/31   09:44:47.290   19.3420   -99.2180     1.50   -0.07  0.2803     9.1200      20230511165546.87
  11   2023/05/31   11:03:18.760   19.3700   -99.2120     0.50    1.27  0.2493     9.3200      20230515084552.67
  12   2023/05/31   11:53:19.740   19.3420   -99.2230     0.75    0.81  0.2673     9.3100      20230511042559.47
