#No.      Date        Time         Lat.      Lon.        Dep.     Mag.   Coef.      Times_MAD           Reference
   1   2023/05/22   02:39:06.230   19.3480   -99.2070     2.00    1.43  0.2889     9.7100      20230511042951.83
   2   2023/05/22   02:43:37.780   19.3480   -99.1880     0.75    0.50  0.2786     9.0900      20230511165546.87
   3   2023/05/22   03:39:57.220   19.3580   -99.1910     1.50    1.16  0.2556     9.2500      20230515004101.40
   4   2023/05/22   05:05:32.530   19.3600   -99.2000     1.00    1.30  0.9998    36.9000      20230522050532.53
   5   2023/05/22   07:29:45.470   19.3540   -99.1880     0.75    0.20  0.2798     9.1300      20230511165546.87
   6   2023/05/22   07:41:32.100   19.3720   -99.2190     1.00    0.77  0.2415     9.5700      20230511043452.89
   7   2023/05/22   08:59:47.130   19.3750   -99.1810     1.50    0.45  0.2458     9.2300      20230517040903.66
   8   2023/05/22   10:03:06.230   19.3600   -99.1880     1.25    0.10  0.2875     9.3800      20230511165546.87
   9   2023/05/22   10:26:31.020   19.3760   -99.2030     1.25    0.37  0.2843     9.2200      20230511042019.50
  10   2023/05/22   11:11:55.520   19.3530   -99.2030     1.25    0.70  0.2375     9.3700      20230511150531.10
  11   2023/05/22   11:19:31.470   19.3710   -99.1860     1.25    0.75  0.2547     9.5300      20230512234650.75
  12   2023/05/22   13:48:31.530   19.3480   -99.2000     0.75    0.76  0.2445     9.0200      20230522050532.53
  13   2023/05/22   15:33:02.050   19.3480   -99.1870     0.50    1.46  0.2575     9.4100      20230516105030.72
  14   2023/05/22   18:55:23.360   19.3530   -99.1970     1.25    0.76  0.2289     9.0300      20230511150531.10
  15   2023/05/22   22:36:55.830   19.3730   -99.1870     1.25    0.68  0.2447     9.1900      20230511042129.14
