#No.      Date        Time         Lat.      Lon.        Dep.     Mag.   Coef.      Times_MAD           Reference
   1   2023/05/16   04:47:56.430   19.3490   -99.1820     0.50    0.69  0.2222     9.0800      20230511074322.96
   2   2023/05/16   06:28:15.570   19.3480   -99.1940     1.00    0.21  0.2881     9.3100      20230511165546.87
   3   2023/05/16   06:46:40.610   19.3700   -99.1870     1.50    1.52  0.2609     9.1600      20230511042948.45
   4   2023/05/16   06:51:35.110   19.3510   -99.1980     0.30    0.49  0.2672     9.2800      20230511042016.80
   5   2023/05/16   07:04:07.160   19.3650   -99.2100     0.50    0.64  0.2488     9.1400      20230512234650.75
   6   2023/05/16   07:56:53.840   19.3700   -99.2000     0.75    1.24  0.2557     9.4900      20230515084552.67
   7   2023/05/16   08:14:21.870   19.3710   -99.1980     0.50    0.72  0.2467     9.0700      20230512234650.75
   8   2023/05/16   08:34:58.920   19.3540   -99.2000     1.00    0.05  0.3016     9.7500      20230511165546.87
   9   2023/05/16   08:56:29.360   19.3580   -99.1990     1.25    1.40  0.2706     9.5000      20230511042948.45
  10   2023/05/16   09:27:58.590   19.3650   -99.1920     1.00    0.69  0.2453     9.0200      20230512234650.75
  11   2023/05/16   09:31:57.840   19.3580   -99.2170     0.50    1.42  0.2584     9.0800      20230511042948.45
  12   2023/05/16   09:52:01.670   19.3520   -99.1930     1.25    1.42  0.2610     9.1700      20230511042948.45
  13   2023/05/16   09:53:16.490   19.3480   -99.1940     1.25    0.04  0.2642     9.1700      20230511171302.41
  14   2023/05/16   10:06:54.270   19.3540   -99.1880     1.50   -0.15  0.2956     9.5500      20230511165546.87
  15   2023/05/16   10:18:04.530   19.3650   -99.2040     0.50    0.69  0.2489     9.1500      20230512234650.75
  16   2023/05/16   10:50:30.720   19.3600   -99.1930     1.00    1.60  0.9997    36.3600      20230516105030.72
  17   2023/05/16   13:17:28.320   19.3760   -99.1970     0.50    1.48  0.2491     9.0900      20230515004101.40
  18   2023/05/16   14:52:22.750   19.3660   -99.1890     1.50    1.10  0.3086     9.0000      20230511155809.09
  19   2023/05/16   18:11:40.220   19.3550   -99.1920     1.25    1.02  0.2646     9.3100      20230511132510.19
