#No.      Date        Time         Lat.      Lon.        Dep.     Mag.   Coef.      Times_MAD           Reference
   1   2023/05/30   01:10:49.000   19.3510   -99.1980     0.30    0.79  0.2638     9.1800      20230511042016.80
   2   2023/05/30   04:34:34.250   19.3650   -99.2210     0.75    0.82  0.2314     9.1600      20230511150531.10
   3   2023/05/30   05:03:48.560   19.3760   -99.1870     1.50    1.64  0.2586     9.0700      20230511042948.45
   4   2023/05/30   06:27:17.930   19.3540   -99.1940     1.50    0.15  0.2792     9.7400      20230511171302.41
   5   2023/05/30   07:57:33.670   19.3600   -99.2060     1.50    0.80  0.2945     9.1100      20230512040128.42
   6   2023/05/30   08:39:30.830   19.3690   -99.1980     1.30    0.41  0.2810     9.7800      20230511042016.80
   7   2023/05/30   08:45:07.330   19.3720   -99.1890     1.00    1.19  0.2735     9.3200      20230511042951.83
   8   2023/05/30   08:48:28.530   19.3460   -99.2060     1.00    1.21  0.2430     9.0700      20230515084552.67
   9   2023/05/30   08:49:06.220   19.3420   -99.2180     0.50    0.25  0.2795     9.0100      20230511165546.87
  10   2023/05/30   08:55:01.860   19.3420   -99.1940     0.50    0.02  0.2805     9.0400      20230511165546.87
  11   2023/05/30   09:16:56.220   19.3760   -99.2050     0.75    1.66  0.2712     9.5100      20230511042948.45
  12   2023/05/30   09:43:23.260   19.3850   -99.1940     1.00    0.56  0.2833     9.0000      20230511042229.63
  13   2023/05/30   09:45:29.690   19.3700   -99.1910     1.25    0.83  0.2549     9.3400      20230515004101.40
  14   2023/05/30   09:50:20.660   19.3700   -99.1870     0.75    1.50  0.2719     9.5300      20230511042948.45
  15   2023/05/30   10:58:48.260   19.3470   -99.1970     1.25    0.65  0.2280     9.0200      20230511150531.10
  16   2023/05/30   11:27:11.830   19.3700   -99.1990     1.00    1.74  0.2798     9.8100      20230511042948.45
  17   2023/05/30   12:03:16.700   19.3600   -99.2110     0.50    1.40  0.2473     9.0600      20230516105030.72
  18   2023/05/30   12:38:45.790   19.3420   -99.1810     1.25    1.54  0.2489     9.1200      20230516105030.72
  19   2023/05/30   13:10:41.820   19.3480   -99.1940     0.50    0.83  0.2407     9.0000      20230522050532.53
  20   2023/05/30   15:55:13.670   19.3760   -99.1990     1.25    1.73  0.2692     9.4400      20230511042948.45
  21   2023/05/30   18:32:08.480   19.3750   -99.1870     0.50    0.90  0.2458     9.2000      20230517040903.66
