#No.      Date        Time         Lat.      Lon.        Dep.     Mag.   Coef.      Times_MAD           Reference
   1   2023/05/11   04:20:19.760   19.3640   -99.1970     0.91    3.20  1.0000    34.5900      20230511042019.76
   2   2023/05/11   04:21:29.230   19.3690   -99.1900     1.40    1.40  0.9817    31.1100      20230511042129.23
   3   2023/05/11   04:21:48.450   19.3665   -99.1950     1.50    0.87  0.2965     9.3900      20230511042129.23
   4   2023/05/11   04:22:04.630   19.3665   -99.1955     1.05    1.09  0.3111     9.6300      20230511042229.97
   5   2023/05/11   04:22:29.970   19.3690   -99.1980     0.95    1.30  0.9624    29.8100      20230511042229.97
   6   2023/05/11   04:23:12.980   19.3600   -99.2010     0.78    1.83  0.3663    12.3000      20230511042951.59
   7   2023/05/11   04:24:34.060   19.3715   -99.1980     0.85    1.09  0.3111     9.6400      20230511042229.97
   8   2023/05/11   04:25:56.960   19.3640   -99.1980     0.76    1.10  0.9721    31.8200      20230511042556.96
   9   2023/05/11   04:29:51.590   19.3600   -99.2010     0.78    2.60  0.9951    33.4300      20230511042951.59
  10   2023/05/11   04:34:53.090   19.3630   -99.1930     1.23    1.80  0.9755    32.9900      20230511043453.09
  11   2023/05/11   04:40:35.170   19.3600   -99.2010     0.88    2.18  0.4057    13.6300      20230511042951.59
  12   2023/05/11   05:19:35.280   19.3600   -99.2010     0.88    1.80  0.3353    11.2600      20230511042951.59
  13   2023/05/11   07:43:22.890   19.3640   -99.1910     1.17    2.00  0.9839    35.4900      20230511074322.89
  14   2023/05/11   10:39:31.240   19.3690   -99.1980     0.66    0.89  0.4536    14.8500      20230511042556.96
  15   2023/05/11   11:40:28.260   19.3615   -99.1930     0.66    0.71  0.2799     9.1600      20230511042556.96
  16   2023/05/11   13:25:10.260   19.3630   -99.1970     1.42    1.60  0.9877    31.1600      20230511132510.26
  17   2023/05/11   14:14:34.790   19.3590   -99.1885     1.46    1.53  0.2892     9.2200      20230511143828.21
  18   2023/05/11   14:38:28.210   19.3640   -99.1860     1.51    1.60  0.9871    31.4800      20230511143828.21
  19   2023/05/11   14:43:40.970   19.3610   -99.1950     0.65    1.20  0.9912    30.9400      20230511144340.97
  20   2023/05/11   15:05:31.120   19.3640   -99.1930     1.63    2.20  0.9958    34.5000      20230511150531.12
  21   2023/05/11   15:25:23.270   19.3610   -99.1940     1.28    2.00  0.9902    32.8500      20230511152523.27
  22   2023/05/11   15:37:16.540   19.3630   -99.1860     1.32    1.86  0.2751     9.1100      20230512234650.64
  23   2023/05/11   15:58:09.430   19.3600   -99.1960     1.00    1.30  0.9880    26.2600      20230511155809.43
  24   2023/05/11   16:01:19.670   19.3620   -99.1945     0.88    0.95  0.3740    11.5200      20230511171302.72
  25   2023/05/11   16:13:19.540   19.3665   -99.2060     0.25    2.32  0.2613     9.5300      20230511042948.21
  26   2023/05/11   16:46:23.480   19.3680   -99.1900     1.67    0.95  0.3265     9.2700      20230511165546.88
  27   2023/05/11   16:55:46.880   19.3630   -99.1900     1.77    1.20  0.9907    28.1300      20230511165546.88
  28   2023/05/11   17:13:02.720   19.3620   -99.1970     0.78    1.00  0.9942    30.6300      20230511171302.72
  29   2023/05/11   17:37:14.560   19.3665   -99.2060     0.05    2.34  0.2593     9.4600      20230511042948.21
  30   2023/05/11   20:07:49.530   19.3670   -99.2085     0.38    1.55  0.4740    14.0500      20230512101933.83
  31   2023/05/11   21:00:55.020   19.3570   -99.2020     0.73    1.00  0.3278    10.1000      20230511171302.72
