#No.      Date        Time         Lat.      Lon.        Dep.     Mag.   Coef.      Times_MAD           Reference
   1   2023/05/15   00:41:01.450   19.3720   -99.1930     1.55    1.80  0.9984    40.0500      20230515004101.45
   2   2023/05/15   00:41:55.440   19.3700   -99.1890     1.65    1.37  0.2416     9.6900      20230515004101.45
   3   2023/05/15   05:50:13.360   19.3620   -99.1990     0.78    1.33  0.2265     9.1500      20230511042951.59
   4   2023/05/15   06:08:21.390   19.3660   -99.2080     0.48    1.26  0.2434     9.2500      20230512101933.83
   5   2023/05/15   08:45:49.370   19.3720   -99.1890     1.55    0.91  0.2260     9.0700      20230515004101.45
   6   2023/05/15   10:51:41.240   19.3710   -99.1960     0.90    0.79  0.2482     9.0200      20230511042229.97
   7   2023/05/15   11:06:41.980   19.3670   -99.1950     1.22    1.05  0.2338     9.0000      20230512234650.64
   8   2023/05/15   11:19:14.560   19.3650   -99.1950     0.82    0.49  0.2312     9.4100      20230511042017.00
   9   2023/05/15   11:32:36.230   19.3630   -99.1870     1.42    1.08  0.2348     9.0400      20230512234650.64
