#No.      Date        Time         Lat.      Lon.        Dep.     Mag.   Coef.      Times_MAD           Reference
   1   2023/05/11   04:20:19.760   19.3640   -99.1970     0.91    3.20  1.0000    38.7900      20230511042019.76
   2   2023/05/11   04:21:29.230   19.3690   -99.1900     1.40    1.40  0.9878    39.6100      20230511042129.23
   3   2023/05/11   04:21:38.580   19.3600   -99.2010     0.68    1.86  0.2259     9.1200      20230511042951.59
   4   2023/05/11   04:21:48.490   19.3670   -99.1940     1.40    0.82  0.2981    11.9500      20230511042129.23
   5   2023/05/11   04:22:04.630   19.3650   -99.1940     1.05    0.87  0.3223    11.7800      20230511042229.97
   6   2023/05/11   04:22:29.970   19.3690   -99.1980     0.95    1.30  0.9768    35.7000      20230511042229.97
   7   2023/05/11   04:23:09.530   19.3680   -99.1910     1.45    1.34  0.3384    13.6400      20230515004101.45
   8   2023/05/11   04:24:34.000   19.3690   -99.2000     1.05    0.78  0.2841    10.3800      20230511042229.97
   9   2023/05/11   04:25:56.960   19.3640   -99.1980     0.76    1.10  0.9752    39.1900      20230511042556.96
  10   2023/05/11   04:29:51.590   19.3600   -99.2010     0.78    2.60  0.9959    40.2000      20230511042951.59
  11   2023/05/11   04:34:53.090   19.3630   -99.1930     1.23    1.80  0.9808    41.7700      20230511043453.09
  12   2023/05/11   04:40:35.110   19.3580   -99.2030     0.83    2.06  0.3467    13.9900      20230511042951.59
  13   2023/05/11   05:14:01.560   19.3600   -99.2010     0.73    1.49  0.2237     9.0300      20230511042951.59
  14   2023/05/11   05:19:35.290   19.3600   -99.2010     0.88    1.67  0.2947    11.9000      20230511042951.59
  15   2023/05/11   07:43:22.890   19.3640   -99.1910     1.17    2.00  0.9904    43.6300      20230511074322.89
  16   2023/05/11   10:39:31.170   19.3680   -99.2000     0.86    0.85  0.4363    17.5300      20230511042556.96
  17   2023/05/11   13:25:10.260   19.3630   -99.1970     1.42    1.60  0.9894    37.1200      20230511132510.26
  18   2023/05/11   14:03:08.030   19.3580   -99.2000     1.05    1.08  0.2824     9.0800      20230511155809.43
  19   2023/05/11   14:14:34.820   19.3660   -99.1860     1.46    1.43  0.2742    10.3600      20230511143828.21
  20   2023/05/11   14:38:28.210   19.3640   -99.1860     1.51    1.60  0.9874    37.3200      20230511143828.21
  21   2023/05/11   14:41:20.500   19.3590   -99.1970     0.75    0.97  0.2500     9.3300      20230511144340.97
  22   2023/05/11   14:43:40.970   19.3610   -99.1950     0.65    1.20  0.9915    37.0100      20230511144340.97
  23   2023/05/11   15:05:31.120   19.3640   -99.1930     1.63    2.20  0.9982    43.6400      20230511150531.12
  24   2023/05/11   15:19:02.850   19.3570   -99.1990     0.55    0.89  0.2502     9.3400      20230511144340.97
  25   2023/05/11   15:25:23.270   19.3610   -99.1940     1.28    2.00  0.9943    41.2700      20230511152523.27
  26   2023/05/11   15:58:09.430   19.3600   -99.1960     1.00    1.30  0.9898    31.8100      20230511155809.43
  27   2023/05/11   16:01:19.590   19.3600   -99.2010     0.78    0.83  0.3094    11.2500      20230511171302.72
  28   2023/05/11   16:46:23.480   19.3670   -99.1900     1.67    0.98  0.2898     9.7200      20230511165546.88
  29   2023/05/11   16:55:46.880   19.3630   -99.1900     1.77    1.20  0.9920    33.2700      20230511165546.88
  30   2023/05/11   17:13:02.720   19.3620   -99.1970     0.78    1.00  0.9941    36.1600      20230511171302.72
  31   2023/05/11   20:07:49.710   19.3660   -99.2020     0.38    1.43  0.5747    21.8900      20230512101933.83
  32   2023/05/11   21:00:55.060   19.3580   -99.2010     0.68    0.87  0.3059    11.1300      20230511171302.72
