#No.      Date        Time         Lat.      Lon.        Dep.     Mag.   Coef.      Times_MAD           Reference
   1   2023/12/01   05:57:18.170   19.3660   -99.2020     0.78    0.80  0.3092     9.2200      20231203002902.38
   2   2023/12/01   07:55:20.120   19.3680   -99.1980     0.99    0.32  0.3551     9.1700      20231212170627.74
   3   2023/12/01   09:46:37.070   19.3710   -99.1980     0.99    0.40  0.3352     9.3000      20231212171437.60
   4   2023/12/01   10:49:48.840   19.3700   -99.2020     0.94    0.30  0.3651     9.4300      20231212170627.74
   5   2023/12/01   11:44:40.240   19.3620   -99.2010     0.32    1.22  0.3273     9.2000      20231215102230.84
   1   2023/12/02   01:19:42.490   19.3590   -99.2010     1.47    0.39  0.3511     9.0500      20231212170855.36
   2   2023/12/02   04:18:56.860   19.3640   -99.1970     1.03    1.55  0.3608     9.0400      20231212202309.88
   3   2023/12/02   16:09:23.230   19.3660   -99.2050     0.98    1.74  0.3619     9.0600      20231212202309.88
   4   2023/12/02   18:17:58.660   19.3670   -99.1990     0.91    0.92  0.3006     9.0000      20231228093354.80
   1   2023/12/03   00:29:02.380   19.3640   -99.2000     0.88    2.00  0.8907    25.7600      20231203002902.38
   2   2023/12/03   05:32:31.810   19.3680   -99.1960     1.12    0.55  0.3494     9.0000      20231212170753.06
   3   2023/12/03   21:29:46.600   19.3680   -99.2040     1.32    0.78  0.3504     9.0300      20231212170753.06
   1   2023/12/04   03:16:14.430   19.3650   -99.2030     1.04    1.21  0.3086     9.2400      20231228094951.29
   2   2023/12/04   05:23:42.550   19.3630   -99.1970     0.86    0.89  0.3086     9.1400      20231228093354.80
   3   2023/12/04   05:45:38.430   19.3680   -99.2010     0.91    0.66  0.2979     9.1100      20231226133545.28
   4   2023/12/04   05:58:52.880   19.3590   -99.2010     1.32    0.18  0.3522     9.1600      20231212170855.36
   5   2023/12/04   07:13:27.050   19.3690   -99.1950     1.15    0.35  0.3183     9.1100      20231214201314.72
   6   2023/12/04   18:48:11.660   19.3650   -99.1980     0.94    0.99  0.3383     9.3700      20231212171437.60
   1   2023/12/05   10:30:04.710   19.3680   -99.2040     1.17    0.42  0.3534     9.0200      20231212170753.06
   2   2023/12/05   10:34:17.690   19.3680   -99.1940     0.94    0.45  0.3532     9.0900      20231212170627.74
   3   2023/12/05   11:27:15.720   19.3670   -99.1990     1.01    1.01  0.3012     9.0400      20231228093354.80
   4   2023/12/05   16:28:33.200   19.3640   -99.1950     1.08    0.84  0.3603     9.8200      20231214201520.68
   1   2023/12/06   05:01:30.980   19.3670   -99.1990     0.94    1.22  0.3101     9.3400      20231228094951.29
   2   2023/12/06   08:15:56.710   19.3660   -99.2050     0.98    1.20  0.3687     9.2100      20231212202309.88
   3   2023/12/06   08:23:10.880   19.3660   -99.2000     1.17    0.44  0.3878     9.9500      20231212170753.06
   4   2023/12/06   09:06:57.480   19.3700   -99.1960     1.12    0.48  0.3541     9.0900      20231212170753.06
   5   2023/12/06   11:20:54.450   19.3700   -99.1960     1.32    0.64  0.3643     9.3500      20231212170753.06
   6   2023/12/06   11:24:14.770   19.3640   -99.1970     0.86    0.65  0.2975     9.0300      20231226133545.28
   7   2023/12/06   20:45:19.610   19.3620   -99.1930     0.47    1.26  0.3209     9.0400      20231215102230.84
   8   2023/12/06   22:57:33.590   19.3580   -99.1990     1.60    0.85  0.3157     9.0100      20231218192755.98
   1   2023/12/07   06:27:21.580   19.3640   -99.1980     0.83    0.79  0.3072     9.0200      20231203002902.38
   2   2023/12/07   08:26:14.940   19.3690   -99.1970     1.30    0.42  0.3161     9.0200      20231214201314.72
   3   2023/12/07   11:49:48.300   19.3700   -99.2010     0.81    0.56  0.2927     9.0900      20231226133545.28
   4   2023/12/07   14:29:15.520   19.3660   -99.2010     0.98    1.74  0.3754     9.3400      20231212202309.88
   1   2023/12/08   02:46:24.340   19.3660   -99.2010     1.80    0.74  0.3259     9.2800      20231218192755.98
   2   2023/12/08   03:54:52.390   19.3620   -99.1990     1.60    0.66  0.3508     9.9900      20231218192755.98
   3   2023/12/08   04:40:50.020   19.3670   -99.1960     0.99    0.70  0.3429     9.5600      20231212171437.60
   4   2023/12/08   05:04:54.750   19.3650   -99.2030     1.25    0.90  0.3157     9.0000      20231214201314.72
   5   2023/12/08   05:54:42.840   19.3640   -99.2000     1.04    0.61  0.3523     9.0900      20231212170627.74
   6   2023/12/08   10:16:54.140   19.3660   -99.2030     1.08    1.31  0.3612     9.0700      20231212202309.88
   7   2023/12/08   10:58:15.770   19.3700   -99.1970     0.32    1.21  0.3275     9.1300      20231215102230.84
   1   2023/12/09   17:15:13.330   19.3670   -99.2030     1.27    0.23  0.3521     9.1500      20231212170855.36
   1   2023/12/10   07:31:44.690   19.3680   -99.1990     0.81    0.62  0.2943     9.1400      20231226133545.28
   2   2023/12/10   07:38:45.170   19.3640   -99.2020     0.99    0.26  0.3515     9.0400      20231212170627.74
   3   2023/12/10   18:53:46.880   19.3640   -99.1960     1.09    1.25  0.3137     9.0800      20231216091035.51
   1   2023/12/11   00:54:57.170   19.3650   -99.1960     1.13    0.31  0.3208     9.0500      20231212171229.12
   2   2023/12/11   01:14:37.730   19.3710   -99.1970     0.86    0.99  0.3017     9.0100      20231228093354.80
   3   2023/12/11   05:01:42.730   19.3700   -99.1950     0.91    0.74  0.2953     9.1900      20231226133545.28
   4   2023/12/11   08:11:42.580   19.3660   -99.1980     1.27    0.33  0.3814     9.8100      20231212170753.06
   5   2023/12/11   08:14:34.790   19.3600   -99.2010     1.08    1.11  0.3627     9.0500      20231212202309.88
   6   2023/12/11   09:46:50.380   19.3620   -99.2010     1.13    1.10  0.3697     9.2300      20231212202309.88
   7   2023/12/11   13:02:44.360   19.3680   -99.2010     0.96    0.65  0.3015     9.3900      20231226133545.28
   1   2023/12/12   03:59:19.290   19.3630   -99.1970     0.86    1.07  0.3030     9.0200      20231228093354.80
   2   2023/12/12   05:57:39.770   19.3660   -99.2040     0.93    0.62  0.3337     9.7000      20231203002902.38
   3   2023/12/12   06:10:38.940   19.3620   -99.2000     1.32    0.62  0.3548     9.0600      20231212170753.06
   4   2023/12/12   08:47:15.960   19.3680   -99.1940     1.14    0.12  0.3560     9.1100      20231212170627.74
   5   2023/12/12   12:11:03.070   19.3660   -99.2010     0.96    0.97  0.2970     9.2000      20231226133545.28
   6   2023/12/12   13:11:44.880   19.3720   -99.1990     0.91    0.76  0.2914     9.0300      20231226133545.28
   7   2023/12/12   17:06:27.740   19.3660   -99.1980     1.04    2.70  1.0000    25.6000      20231212170627.74
   8   2023/12/12   17:07:53.060   19.3660   -99.2000     1.22    3.00  1.0000    25.5300      20231212170753.06
   9   2023/12/12   17:08:55.360   19.3630   -99.2010     1.37    2.40  1.0000    25.7000      20231212170855.36
  10   2023/12/12   17:09:06.040   19.3700   -99.1980     0.59    1.60  1.0000    23.7300      20231212170906.04
  11   2023/12/12   17:09:43.830   19.3670   -99.2010     1.07    1.19  0.5122    13.9700      20231215052526.00
  12   2023/12/12   17:11:34.830   19.3690   -99.2010     1.01    1.43  0.3522    10.4800      20231228093354.80
  13   2023/12/12   17:12:29.120   19.3670   -99.1980     1.03    1.10  0.9999    27.8400      20231212171229.12
  14   2023/12/12   17:14:20.190   19.3660   -99.1970     0.58    1.24  0.5688    15.6400      20231212171437.68
  15   2023/12/12   17:14:37.600   19.3670   -99.1980     0.89    1.50  1.0000    27.5000      20231212171437.60
  16   2023/12/12   17:17:44.040   19.3630   -99.2000     1.28    1.70  1.0000    26.5600      20231212171744.04
  17   2023/12/12   17:19:06.800   19.3620   -99.2010     0.64    1.27  0.3643    10.0200      20231212171437.68
  18   2023/12/12   17:28:56.500   19.3690   -99.1970     0.90    1.90  1.0000    28.0600      20231212172856.50
  19   2023/12/12   20:23:09.880   19.3620   -99.2010     1.03    2.10  1.0000    25.0200      20231212202309.88
   1   2023/12/13   04:27:44.050   19.3660   -99.2010     0.37    1.39  0.3611     9.9700      20231215102230.84
   2   2023/12/13   06:46:50.920   19.3650   -99.1990     0.85    0.86  0.3200     9.0800      20231212172856.50
   1   2023/12/14   04:37:43.570   19.3650   -99.1980     0.79    0.77  0.3321     9.1700      20231212171437.60
   2   2023/12/14   09:26:51.460   19.3660   -99.1940     1.04    0.26  0.3551     9.1200      20231212170627.74
   3   2023/12/14   18:37:21.920   19.3660   -99.1990     0.76    1.24  0.3089     9.3900      20231226133545.28
   4   2023/12/14   20:13:14.720   19.3650   -99.1990     1.20    3.20  0.7237    20.6700      20231214201314.72
   5   2023/12/14   20:15:20.680   19.3640   -99.1990     1.03    2.50  0.6883    18.9400      20231214201520.68
   1   2023/12/15   04:50:50.800   19.3620   -99.2040     1.32    0.73  0.3909     9.9400      20231212170753.06
   2   2023/12/15   05:25:26.000   19.3650   -99.1990     1.07    1.30  0.9999    28.6100      20231215052526.00
   3   2023/12/15   06:02:32.290   19.3650   -99.1950     1.06    0.91  0.2934     9.0400      20231228093354.80
   4   2023/12/15   09:05:41.450   19.3660   -99.1950     0.91    0.68  0.2970     9.3800      20231226133545.28
   5   2023/12/15   09:25:20.370   19.3690   -99.2020     0.79    0.59  0.3245     9.3000      20231212171437.60
   6   2023/12/15   09:31:38.780   19.3630   -99.2030     0.86    0.91  0.2972     9.1500      20231228093354.80
   7   2023/12/15   09:48:22.410   19.3650   -99.1990     0.97    0.73  0.3181     9.1000      20231215052526.00
   8   2023/12/15   09:58:22.260   19.3640   -99.1970     1.13    1.27  0.3603     9.3200      20231212202309.88
   9   2023/12/15   10:22:30.840   19.3660   -99.1970     0.42    1.60  1.0000    28.8300      20231215102230.84
  10   2023/12/15   10:28:57.990   19.3620   -99.1980     1.04    1.27  0.3427    10.1900      20231216091035.51
  11   2023/12/15   14:00:02.910   19.3600   -99.2000     0.98    0.95  0.3016     9.0200      20231203002902.38
  12   2023/12/15   15:03:28.430   19.3640   -99.1990     0.64    1.02  0.3164     9.1100      20231212171437.68
  13   2023/12/15   17:27:14.210   19.3690   -99.1930     0.95    1.43  0.3141     9.2400      20231212172856.50
  14   2023/12/15   19:36:47.580   19.3630   -99.2030     0.84    1.21  0.3010     9.2200      20231228094951.29
   1   2023/12/16   02:26:42.830   19.3650   -99.1990     1.06    1.03  0.3095     9.1700      20231228093354.80
   2   2023/12/16   08:24:16.450   19.3670   -99.2030     0.89    1.21  0.3142     9.3800      20231228094951.29
   3   2023/12/16   09:10:35.510   19.3660   -99.2000     1.14    1.60  1.0000    28.6400      20231216091035.51
   1   2023/12/17   04:25:50.080   19.3650   -99.1980     1.18    1.05  0.3470     9.1700      20231212171744.04
   2   2023/12/17   07:23:31.420   19.3680   -99.2000     1.32    0.43  0.3513     9.1000      20231212170753.06
   3   2023/12/17   15:48:10.100   19.3610   -99.2020     1.18    1.15  0.3422     9.0400      20231212171744.04
   1   2023/12/18   19:27:55.980   19.3620   -99.2030     1.70    1.10  1.0000    27.9800      20231218192755.98
   2   2023/12/18   22:09:41.500   19.3600   -99.2050     1.08    1.64  0.3631     9.0200      20231212202309.88
   1   2023/12/19   01:30:28.470   19.3610   -99.2020     1.23    1.22  0.3538     9.7100      20231212171744.04
   2   2023/12/19   10:37:06.250   19.3680   -99.2020     0.94    0.53  0.3749     9.4100      20231212170627.74
   3   2023/12/19   10:39:51.300   19.3660   -99.1970     0.76    0.65  0.3045     9.4300      20231226133545.28
   4   2023/12/19   10:53:05.150   19.3680   -99.1980     1.32    0.50  0.3819     9.6300      20231212170753.06
   5   2023/12/19   12:49:24.940   19.3600   -99.2050     0.93    1.79  0.3594     9.0400      20231212202309.88
   1   2023/12/20   09:54:30.660   19.3660   -99.2020     0.99    0.07  0.3712     9.3200      20231212170627.74
   2   2023/12/20   15:51:01.510   19.3600   -99.1960     0.78    1.10  0.3146     9.1600      20231203002902.38
   1   2023/12/21   00:14:49.810   19.3620   -99.2010     1.13    2.02  0.5770    14.3700      20231212202309.88
   2   2023/12/21   01:43:16.720   19.3680   -99.1970     0.86    0.63  0.3018     9.1800      20231226133545.28
   3   2023/12/21   12:42:15.800   19.3680   -99.1970     0.52    1.33  0.3310     9.2000      20231215102230.84
   1   2023/12/22   06:42:47.210   19.3670   -99.1980     1.13    0.22  0.3008     9.1200      20231212171229.12
   2   2023/12/22   06:54:45.430   19.3690   -99.1970     1.02    0.71  0.3138     9.1300      20231215052526.00
   3   2023/12/22   08:20:05.720   19.3640   -99.1990     0.93    1.43  0.3395     9.2200      20231212202309.88
   4   2023/12/22   17:39:22.820   19.3680   -99.1930     0.64    1.05  0.3153     9.3800      20231212171437.68
   5   2023/12/22   17:42:16.360   19.3720   -99.1970     0.81    0.72  0.2825     9.1000      20231226133545.28
   6   2023/12/22   17:59:36.920   19.3720   -99.2030     0.76    0.58  0.2892     9.3200      20231226133545.28
   7   2023/12/22   19:35:58.750   19.3670   -99.1970     1.02    0.80  0.3112     9.0500      20231215052526.00
   1   2023/12/23   01:57:27.600   19.3640   -99.2030     0.91    0.65  0.2949     9.0300      20231226133545.28
   2   2023/12/23   05:20:10.680   19.3660   -99.2040     1.17    0.63  0.3656     9.3000      20231212170753.06
   3   2023/12/23   06:01:12.800   19.3620   -99.1990     0.98    0.49  0.3517     9.5000      20231214201520.68
   4   2023/12/23   08:34:58.010   19.3710   -99.1970     0.94    1.02  0.3148     9.3400      20231228094951.29
   5   2023/12/23   11:36:26.550   19.3670   -99.1990     1.10    0.73  0.3295     9.2400      20231214201314.72
   6   2023/12/23   11:44:42.500   19.3650   -99.1940     0.89    0.74  0.3340     9.1900      20231212171437.60
   7   2023/12/23   16:29:17.160   19.3670   -99.1940     0.89    0.83  0.3478     9.5700      20231212171437.60
   1   2023/12/24   01:09:41.790   19.3690   -99.1990     0.84    1.16  0.3041     9.0100      20231228094951.29
   2   2023/12/24   03:22:32.240   19.3610   -99.1950     1.02    0.68  0.3443     9.1300      20231215052526.00
   3   2023/12/24   11:16:22.150   19.3680   -99.2000     0.78    0.77  0.3332     9.5600      20231203002902.38
   1   2023/12/25   02:30:13.740   19.3610   -99.2040     1.33    1.11  0.3508     9.1800      20231212171744.04
   2   2023/12/25   02:50:49.420   19.3700   -99.2000     1.14    1.24  0.3120     9.0500      20231216091035.51
   3   2023/12/25   11:30:43.200   19.3690   -99.1990     0.90    0.64  0.3272     9.1600      20231212172856.50
   4   2023/12/25   12:01:23.260   19.3640   -99.1980     1.09    0.21  0.3714     9.7300      20231212170627.74
   5   2023/12/25   18:21:33.450   19.3670   -99.2030     1.20    0.88  0.3208     9.1600      20231214201314.72
   1   2023/12/26   00:19:47.300   19.3700   -99.1970     0.54    0.75  0.3283     9.0100      20231212171437.68
   2   2023/12/26   03:12:49.910   19.3640   -99.1980     0.78    0.77  0.3199     9.1900      20231203002902.38
   3   2023/12/26   03:20:37.530   19.3670   -99.2030     0.94    1.22  0.3072     9.1700      20231228094951.29
   4   2023/12/26   13:35:45.280   19.3680   -99.1990     0.86    1.40  0.8370    25.6700      20231226133545.28
   5   2023/12/26   22:43:51.410   19.3630   -99.1980     1.13    0.60  0.3286     9.1400      20231212171229.12
   1   2023/12/27   05:15:00.400   19.3580   -99.1990     1.80    0.46  0.3317     9.2900      20231218192755.98
   3   2023/12/27   10:25:50.530   19.3660   -99.2020     1.32    0.29  0.3614     9.1800      20231212170753.06
   4   2023/12/27   22:31:21.990   19.3640   -99.1970     0.48    1.21  0.3568     9.7600      20231212171437.68
   5   2023/12/27   22:53:12.380   19.3640   -99.1950     0.76    0.77  0.3093     9.4200      20231226133545.28
   1   2023/12/28   03:03:14.020   19.3640   -99.2010     0.96    0.72  0.2951     9.0400      20231226133545.28
   2   2023/12/28   06:44:27.000   19.3730   -99.1930     0.80    0.83  0.3250     9.1000      20231212172856.50
   3   2023/12/28   09:10:45.480   19.3700   -99.2010     0.58    0.54  0.3338     9.1400      20231212171437.68
   4   2023/12/28   09:33:54.800   19.3670   -99.1990     0.96    1.80  1.0000    29.5600      20231228093354.80
   5   2023/12/28   09:49:51.290   19.3670   -99.1990     0.94    1.50  1.0000    29.7900      20231228094951.29
   6   2023/12/28   18:52:40.050   19.3690   -99.1980     0.93    0.68  0.3275     9.0900      20231212171229.12
   7   2023/12/28   22:16:44.030   19.3710   -99.1970     0.94    1.18  0.3043     9.0700      20231228094951.29
   1   2023/12/29   01:53:08.560   19.3670   -99.2030     1.02    1.29  0.3372     9.1700      20231215052526.00
   2   2023/12/29   08:37:40.750   19.3650   -99.2030     0.94    0.97  0.3203     9.5600      20231228094951.29
   3   2023/12/29   10:44:42.240   19.3680   -99.1990     0.54    0.52  0.3310     9.1100      20231212171437.68
   4   2023/12/29   18:18:58.120   19.3650   -99.1960     0.98    0.41  0.3242     9.0200      20231212171229.12
   5   2023/12/29   22:48:58.430   19.3640   -99.2010     0.69    0.97  0.3434     9.4600      20231212171437.68
   1   2023/12/30   07:54:26.800   19.3670   -99.2010     0.84    1.11  0.3067     9.0900      20231228094951.29
   2   2023/12/30   14:09:23.630   19.3640   -99.1960     1.32    0.80  0.3569     9.0200      20231212170753.06
   3   2023/12/30   22:14:35.750   19.3700   -99.1970     0.81    0.66  0.3017     9.1800      20231226133545.28
   1   2023/12/31   11:12:04.280   19.3580   -99.1990     0.93    1.19  0.3672     9.2700      20231212202309.88
   2   2023/12/31   11:45:52.210   19.3620   -99.2000     1.12    0.20  0.3677     9.5500      20231212170753.06
   3   2023/12/31   13:43:20.260   19.3620   -99.1970     1.08    1.51  0.3617     9.1300      20231212202309.88
   4   2023/12/31   14:20:37.520   19.3620   -99.2030     0.98    1.85  0.4164    10.5100      20231212202309.88
