#No.      Date        Time         Lat.      Lon.        Dep.     Mag.   Coef.      Times_MAD           Reference
   1   2023/05/02   18:56:33.860   19.3600   -99.1950     1.23    1.69  0.2740     9.0400      20230511152523.27
   1   2023/05/03   11:17:15.890   19.3640   -99.1855     1.41    1.17  0.2834     9.0900      20230511143828.21
   2   2023/05/03   22:10:55.530   19.3645   -99.1900     1.27    1.39  0.2494     9.0700      20230511074322.89
   1   2023/05/04   08:11:22.860   19.3630   -99.1820     1.09    1.08  0.3099     9.3300      20230516105030.89
   2   2023/05/04   08:19:42.920   19.3620   -99.1890     1.82    0.44  0.3279     9.3200      20230511165546.88
   3   2023/05/04   18:45:29.320   19.3625   -99.2000     0.82    1.16  0.2769     9.8500      20230511042017.00
   1   2023/05/05   12:04:37.160   19.3630   -99.1980     0.97    1.07  0.2794     9.9600      20230511042017.00
   1   2023/05/06   11:29:34.650   19.3630   -99.1910     1.12    1.60  0.2481     9.0300      20230511074322.89
   1   2023/05/08   08:01:03.240   19.3620   -99.1980     0.97    0.84  0.2548     9.0600      20230511042017.00
   1   2023/05/09   05:51:10.720   19.3625   -99.1820     1.48    1.08  0.3216     9.5300      20230517040903.56
   1   2023/05/10   11:50:35.880   19.3625   -99.1890     1.87    0.65  0.3183     9.0900      20230511165546.88
   1   2023/05/11   04:20:19.760   19.3640   -99.1970     0.91    3.20  1.0000    34.5900      20230511042019.76
   2   2023/05/11   04:21:29.230   19.3690   -99.1900     1.40    1.40  0.9817    31.1100      20230511042129.23
   3   2023/05/11   04:22:04.600   19.3685   -99.1970     1.05    1.09  0.2926     9.0600      20230511042229.97
   4   2023/05/11   04:22:29.970   19.3690   -99.1980     0.95    1.30  0.9624    29.8100      20230511042229.97
   5   2023/05/11   04:23:13.000   19.3610   -99.2000     0.88    1.83  0.3731    12.5300      20230511042951.59
   6   2023/05/11   04:24:34.010   19.3700   -99.1990     1.05    1.09  0.3107     9.6200      20230511042229.97
   7   2023/05/11   04:25:56.960   19.3640   -99.1980     0.76    1.10  0.9721    31.8200      20230511042556.96
   8   2023/05/11   04:29:51.590   19.3600   -99.2010     0.78    2.60  0.9951    33.4300      20230511042951.59
   9   2023/05/11   04:34:53.090   19.3630   -99.1930     1.23    1.80  0.9755    32.9900      20230511043453.09
  10   2023/05/11   04:40:35.140   19.3590   -99.2020     0.88    2.18  0.4117    13.8300      20230511042951.59
  11   2023/05/11   05:19:35.280   19.3605   -99.2015     0.88    1.80  0.3726    12.5200      20230511042951.59
  12   2023/05/11   07:43:22.890   19.3640   -99.1910     1.17    2.00  0.9839    35.4900      20230511074322.89
  13   2023/05/11   10:39:31.230   19.3650   -99.1970     0.81    0.89  0.4453    14.5800      20230511042556.96
  14   2023/05/11   13:25:10.260   19.3630   -99.1970     1.42    1.60  0.9877    31.1600      20230511132510.26
  15   2023/05/11   14:14:34.770   19.3635   -99.1860     1.61    1.53  0.2871     9.1600      20230511143828.21
  16   2023/05/11   14:38:28.210   19.3640   -99.1860     1.51    1.60  0.9871    31.4800      20230511143828.21
  17   2023/05/11   14:43:40.970   19.3610   -99.1950     0.65    1.20  0.9912    30.9400      20230511144340.97
  18   2023/05/11   15:05:31.120   19.3640   -99.1930     1.63    2.20  0.9958    34.5000      20230511150531.12
  19   2023/05/11   15:25:23.270   19.3610   -99.1940     1.28    2.00  0.9902    32.8500      20230511152523.27
  20   2023/05/11   15:58:09.430   19.3600   -99.1960     1.00    1.30  0.9880    26.2600      20230511155809.43
  21   2023/05/11   16:01:19.650   19.3610   -99.1960     0.83    0.95  0.3580    11.0300      20230511171302.72
  22   2023/05/11   16:13:19.500   19.3650   -99.2070     0.25    2.32  0.2507     9.1500      20230511042948.21
  23   2023/05/11   16:46:23.440   19.3640   -99.1895     1.77    0.95  0.3251     9.2300      20230511165546.88
  24   2023/05/11   16:55:46.880   19.3630   -99.1900     1.77    1.20  0.9907    28.1300      20230511165546.88
  25   2023/05/11   17:13:02.720   19.3620   -99.1970     0.78    1.00  0.9942    30.6300      20230511171302.72
  26   2023/05/11   20:07:49.550   19.3630   -99.2065     0.53    1.55  0.4587    13.6000      20230512101933.83
  27   2023/05/11   21:00:55.150   19.3615   -99.1980     0.68    1.00  0.2928     9.0200      20230511171302.72
   1   2023/05/12   04:05:17.960   19.3630   -99.1965     0.73    0.65  0.3703    11.4000      20230511171302.72
   2   2023/05/12   10:19:33.830   19.3620   -99.2060     0.43    1.30  0.9895    29.3900      20230512101933.83
   3   2023/05/12   10:31:01.040   19.3640   -99.1905     1.87    0.56  0.3688    10.5900      20230511165546.88
   4   2023/05/12   23:46:50.640   19.3630   -99.1910     1.32    2.20  0.9997    33.2600      20230512234650.64
   1   2023/05/15   00:41:01.450   19.3720   -99.1930     1.55    1.80  0.9965    31.6700      20230515004101.45
   2   2023/05/15   21:27:39.810   19.3640   -99.1870     1.41    1.59  0.2954     9.4900      20230511143828.21
   1   2023/05/16   10:50:30.890   19.3620   -99.1810     1.09    1.60  0.9993    30.1500      20230516105030.89
   1   2023/05/17   04:09:03.560   19.3630   -99.1810     1.53    1.50  0.9758    29.0000      20230517040903.56
   2   2023/05/17   09:04:32.620   19.3625   -99.1820     1.43    0.87  0.3059     9.0900      20230517040903.56
   1   2023/05/18   06:43:54.140   19.3625   -99.1930     1.23    1.13  0.2653     9.0600      20230511043453.09
   2   2023/05/18   11:32:31.950   19.3640   -99.2070     0.10    2.11  0.2497     9.1900      20230511042948.21
   3   2023/05/18   12:31:05.390   19.3710   -99.1920     1.65    1.66  0.2815     9.0200      20230515004101.45
   1   2023/05/20   00:37:20.390   19.3640   -99.1960     0.81    1.08  0.2637     9.1900      20230511042019.76
   2   2023/05/20   03:30:53.820   19.3620   -99.1965     1.52    1.03  0.2821     9.0300      20230511132510.26
   1   2023/05/21   23:24:20.580   19.3625   -99.1940     1.23    1.40  0.2703     9.2000      20230511043453.09
   1   2023/05/22   03:43:14.620   19.3645   -99.1900     1.07    1.10  0.2544     9.1400      20230511074322.89
   2   2023/05/22   06:41:06.470   19.3730   -99.1925     1.65    1.27  0.2843     9.0100      20230515004101.45
   1   2023/05/23   10:35:21.370   19.3650   -99.1965     0.96    0.53  0.2744     9.5300      20230511042019.76
   2   2023/05/23   15:05:57.680   19.3605   -99.1955     0.60    1.06  0.2897     9.0900      20230511144340.97
   1   2023/05/24   06:44:36.470   19.3595   -99.2015     0.68    1.40  0.2726     9.1800      20230511042951.59
   1   2023/05/26   15:15:17.440   19.3600   -99.1930     1.23    1.46  0.2760     9.2900      20230511152523.27
   2   2023/05/26   18:43:16.680   19.3590   -99.2000     0.83    1.79  0.2660     9.1100      20230511042951.59
   1   2023/05/27   06:39:40.610   19.3620   -99.1800     1.14    1.21  0.2950     9.0200      20230516105030.89
   1   2023/05/28   10:26:56.370   19.3620   -99.1905     1.67    0.44  0.3104     9.0200      20230511165546.88
   2   2023/05/28   10:27:21.460   19.3630   -99.1900     1.67    0.63  0.3169     9.2000      20230511165546.88
   3   2023/05/28   13:16:31.790   19.3640   -99.1970     1.01    0.63  0.2616     9.2100      20230511042019.76
   1   2023/05/30   10:52:59.160   19.3625   -99.1820     1.43    1.06  0.3118     9.2400      20230517040903.56
   1   2023/05/31   17:41:54.980   19.3640   -99.1960     1.42    1.39  0.2876     9.1700      20230511132510.26
