#No.      Date        Time         Lat.      Lon.        Dep.     Mag.   Coef.      Times_MAD           Reference
   1   2023/05/01   11:35:55.560   19.3620   -99.1940     1.68    0.95  0.2606     9.0100      20230511150531.12
   1   2023/05/02   18:56:33.860   19.3600   -99.1950     1.23    1.69  0.2740     9.0400      20230511152523.27
   1   2023/05/03   02:52:23.830   19.3590   -99.1920     1.33    1.41  0.2728     9.0400      20230511152523.27
   2   2023/05/03   11:17:15.880   19.3630   -99.1850     1.41    1.17  0.2822     9.0500      20230511143828.21
   1   2023/05/04   08:11:22.860   19.3630   -99.1820     1.09    1.08  0.3099     9.3300      20230516105030.89
   2   2023/05/04   08:19:42.950   19.3610   -99.1880     1.67    0.44  0.3381     9.6100      20230511165546.88
   3   2023/05/04   18:45:29.280   19.3610   -99.2010     0.87    1.16  0.2749     9.7700      20230511042017.00
   1   2023/05/05   10:22:56.900   19.3620   -99.1920     1.22    0.92  0.2485     9.0400      20230511074322.89
   2   2023/05/05   12:04:37.190   19.3610   -99.1970     0.82    1.07  0.2805    10.0000      20230511042017.00
   1   2023/05/06   11:29:34.650   19.3630   -99.1910     1.12    1.60  0.2481     9.0300      20230511074322.89
   1   2023/05/08   08:01:03.210   19.3610   -99.1990     1.02    0.84  0.2548     9.0700      20230511042017.00
   2   2023/05/08   18:15:02.590   19.3660   -99.1840     1.41    1.46  0.2819     9.0400      20230511143828.21
   1   2023/05/09   05:51:10.730   19.3630   -99.1820     1.43    1.08  0.3188     9.4500      20230517040903.56
   2   2023/05/09   08:59:00.900   19.3620   -99.1990     0.68    1.44  0.2704     9.0400      20230511042951.59
   1   2023/05/10   11:50:35.930   19.3640   -99.1880     1.72    0.65  0.3219     9.1900      20230511165546.88
   1   2023/05/11   04:20:19.760   19.3640   -99.1970     0.91    3.20  1.0000    34.5900      20230511042019.76
   0   2023/05/11   04:29:48.210   19.3640   -99.206      0.149   2.40  1.0000    34.5900      20230511042948.21
   2   2023/05/11   04:21:29.230   19.3690   -99.1900     1.40    1.40  0.9817    31.1100      20230511042129.23
   3   2023/05/11   04:22:04.650   19.3670   -99.1960     0.95    1.09  0.2929     9.0700      20230511042229.97
   4   2023/05/11   04:22:29.970   19.3690   -99.1980     0.95    1.30  0.9624    29.8100      20230511042229.97
   5   2023/05/11   04:23:13.000   19.3610   -99.2000     0.88    1.83  0.3731    12.5300      20230511042951.59
   6   2023/05/11   04:24:34.040   19.3710   -99.1980     0.95    1.09  0.3111     9.6400      20230511042229.97
   7   2023/05/11   04:25:56.960   19.3640   -99.1980     0.76    1.10  0.9721    31.8200      20230511042556.96
   8   2023/05/11   04:29:51.590   19.3600   -99.2010     0.78    2.60  0.9951    33.4300      20230511042951.59
   9   2023/05/11   04:34:53.090   19.3630   -99.1930     1.23    1.80  0.9755    32.9900      20230511043453.09
  10   2023/05/11   04:40:35.140   19.3590   -99.2020     0.88    2.18  0.4117    13.8300      20230511042951.59
  11   2023/05/11   05:19:35.300   19.3610   -99.2010     0.88    1.80  0.3699    12.4300      20230511042951.59
  12   2023/05/11   07:10:56.230   19.3650   -99.1980     1.02    0.76  0.2569     9.0800      20230511042017.00
  13   2023/05/11   07:43:22.890   19.3640   -99.1910     1.17    2.00  0.9839    35.4900      20230511074322.89
  14   2023/05/11   10:39:31.270   19.3660   -99.1960     0.71    0.89  0.4459    14.6000      20230511042556.96
  15   2023/05/11   13:25:10.260   19.3630   -99.1970     1.42    1.60  0.9877    31.1600      20230511132510.26
  16   2023/05/11   14:14:34.770   19.3630   -99.1850     1.56    1.53  0.2859     9.1200      20230511143828.21
  17   2023/05/11   14:38:28.210   19.3640   -99.1860     1.51    1.60  0.9871    31.4800      20230511143828.21
  18   2023/05/11   14:43:40.970   19.3610   -99.1950     0.65    1.20  0.9912    30.9400      20230511144340.97
  19   2023/05/11   15:05:31.120   19.3640   -99.1930     1.63    2.20  0.9958    34.5000      20230511150531.12
  20   2023/05/11   15:25:23.270   19.3610   -99.1940     1.28    2.00  0.9902    32.8500      20230511152523.27
  21   2023/05/11   15:58:09.430   19.3600   -99.1960     1.00    1.30  0.9880    26.2600      20230511155809.43
  22   2023/05/11   16:01:19.670   19.3620   -99.1950     0.88    0.95  0.3724    11.4700      20230511171302.72
  23   2023/05/11   16:13:19.500   19.3650   -99.2070     0.25    2.32  0.2507     9.1500      20230511042948.21
  24   2023/05/11   16:46:23.470   19.3650   -99.1890     1.67    0.95  0.3263     9.2700      20230511165546.88
  25   2023/05/11   16:55:46.880   19.3630   -99.1900     1.77    1.20  0.9907    28.1300      20230511165546.88
  26   2023/05/11   17:13:02.720   19.3620   -99.1970     0.78    1.00  0.9942    30.6300      20230511171302.72
  27   2023/05/11   17:37:14.500   19.3650   -99.2080     0.05    2.34  0.2492     9.0900      20230511042948.21
  28   2023/05/11   20:07:49.570   19.3640   -99.2060     0.53    1.55  0.4601    13.6400      20230512101933.83
  29   2023/05/11   21:00:55.110   19.3600   -99.1990     0.68    1.00  0.2958     9.1100      20230511171302.72
   1   2023/05/12   04:05:17.930   19.3640   -99.1980     0.83    0.65  0.3825    11.7800      20230511171302.72
   2   2023/05/12   10:02:58.090   19.3720   -99.1950     1.50    1.34  0.2824     9.0400      20230515004101.45
   3   2023/05/12   10:19:33.830   19.3620   -99.2060     0.43    1.30  0.9895    29.3900      20230512101933.83
   4   2023/05/12   10:31:01.050   19.3650   -99.1910     1.87    0.56  0.3846    11.0400      20230511165546.88
   5   2023/05/12   23:46:50.640   19.3630   -99.1910     1.32    2.20  0.9997    33.2600      20230512234650.64
   1   2023/05/14   14:37:46.090   19.3580   -99.2010     0.68    1.54  0.2679     9.1400      20230511042951.59
   1   2023/05/15   00:41:01.450   19.3720   -99.1930     1.55    1.80  0.9965    31.6700      20230515004101.45
   2   2023/05/15   11:28:55.440   19.3650   -99.2000     0.87    0.76  0.2534     9.0500      20230511042017.00
   3   2023/05/15   21:27:39.810   19.3640   -99.1870     1.41    1.59  0.2954     9.4900      20230511143828.21
   1   2023/05/16   06:19:48.670   19.3650   -99.1890     1.82    0.59  0.3209     9.1300      20230511165546.88
   2   2023/05/16   10:50:30.890   19.3620   -99.1810     1.09    1.60  0.9993    30.1500      20230516105030.89
   1   2023/05/17   04:09:03.560   19.3630   -99.1810     1.53    1.50  0.9758    29.0000      20230517040903.56
   2   2023/05/17   09:04:32.620   19.3630   -99.1820     1.43    0.87  0.3043     9.0500      20230517040903.56
   1   2023/05/18   06:43:54.150   19.3630   -99.1930     1.23    1.13  0.2652     9.0600      20230511043453.09
   2   2023/05/18   07:45:51.710   19.3690   -99.2000     1.05    0.81  0.2918     9.0100      20230511042229.97
   3   2023/05/18   09:52:05.560   19.3660   -99.1890     1.07    0.85  0.2491     9.0500      20230511074322.89
   4   2023/05/18   10:28:55.430   19.3620   -99.1970     0.97    0.90  0.2674     9.5200      20230511042017.00
   5   2023/05/18   11:32:31.950   19.3640   -99.2070     0.10    2.11  0.2497     9.1900      20230511042948.21
   6   2023/05/18   12:07:11.140   19.3740   -99.1940     1.60    1.64  0.2809     9.0100      20230515004101.45
   7   2023/05/18   12:31:05.390   19.3710   -99.1910     1.65    1.66  0.2930     9.3900      20230515004101.45
   1   2023/05/19   14:41:09.680   19.3650   -99.1930     1.33    1.40  0.2676     9.1300      20230511043453.09
   2   2023/05/19   16:06:10.310   19.3620   -99.1930     0.65    0.99  0.2892     9.0800      20230511144340.97
   1   2023/05/20   00:37:20.390   19.3640   -99.1960     0.81    1.08  0.2637     9.1900      20230511042019.76
   1   2023/05/21   13:27:33.960   19.3610   -99.1980     0.87    0.99  0.2538     9.1600      20230511042017.00
   2   2023/05/21   23:24:20.570   19.3620   -99.1940     1.28    1.40  0.2668     9.0800      20230511043453.09
   1   2023/05/22   08:25:28.520   19.3630   -99.1950     1.53    0.90  0.2610     9.0800      20230511150531.12
   2   2023/05/22   08:47:16.040   19.3620   -99.2040     0.25    1.68  0.2461     9.1000      20230511042948.21
   1   2023/05/23   09:54:17.600   19.3620   -99.1880     1.87    0.29  0.3215     9.2000      20230511165546.88
   2   2023/05/23   09:56:23.430   19.3650   -99.1970     1.47    0.61  0.2860     9.0800      20230511132510.26
   3   2023/05/23   10:35:21.400   19.3660   -99.1960     0.91    0.53  0.2747     9.5400      20230511042019.76
   4   2023/05/23   15:05:57.650   19.3590   -99.1960     0.55    1.06  0.2918     9.1600      20230511144340.97
   1   2023/05/26   02:03:51.870   19.3680   -99.1880     1.50    0.86  0.2830     9.1700      20230511042129.23
   2   2023/05/26   10:02:23.570   19.3620   -99.1990     0.68    1.25  0.2683     9.1900      20230511042951.59
   3   2023/05/26   14:39:28.840   19.3620   -99.1930     1.53    1.44  0.2731     9.6200      20230511150531.12
   4   2023/05/26   15:15:17.440   19.3600   -99.1930     1.23    1.46  0.2760     9.2900      20230511152523.27
   5   2023/05/26   18:43:16.680   19.3590   -99.2000     0.83    1.79  0.2660     9.1100      20230511042951.59
   1   2023/05/27   06:39:40.610   19.3620   -99.1800     1.14    1.21  0.2950     9.0200      20230516105030.89
   2   2023/05/27   17:39:17.970   19.3600   -99.1970     0.55    0.94  0.2865     9.0500      20230511144340.97
   1   2023/05/28   10:26:56.360   19.3610   -99.1910     1.67    0.44  0.3171     9.2100      20230511165546.88
   2   2023/05/28   10:27:21.460   19.3630   -99.1900     1.67    0.63  0.3169     9.2000      20230511165546.88
   3   2023/05/28   11:10:33.050   19.3650   -99.2080     0.20    1.89  0.2450     9.1500      20230511042948.21
   4   2023/05/28   13:16:31.790   19.3640   -99.1970     1.01    0.63  0.2616     9.2100      20230511042019.76
   1   2023/05/29   04:19:24.340   19.3670   -99.2000     0.90    1.14  0.2936     9.0200      20230511042229.97
   1   2023/05/30   07:45:33.440   19.3620   -99.1830     1.14    1.21  0.3165     9.5600      20230516105030.89
   2   2023/05/30   10:52:59.160   19.3630   -99.1820     1.43    1.06  0.3064     9.0800      20230517040903.56
   1   2023/05/31   17:41:55.010   19.3650   -99.1950     1.37    1.39  0.2932     9.3500      20230511132510.26
