No      Date        Time         Lat      Lon        Dep     Mag   Coef      Times_MAD           Reference
   1   2023/05/01   05:54:02.120   19.3670   -99.1870     1.27    1.08  0.2387     9.0900      20230512234650.64
   2   2023/05/01   08:58:31.040   19.3610   -99.1930     1.27    0.88  0.2414     9.1900      20230512234650.64
   3   2023/05/01   09:52:00.340   19.3660   -99.1930     1.68    0.56  0.2070     9.0300      20230511150531.12
   1   2023/05/02   04:03:36.670   19.3680   -99.1890     1.22    1.10  0.2132     9.3800      20230511074322.89
   2   2023/05/02   08:28:09.550   19.3600   -99.1990     0.86    0.32  0.2356     9.0800      20230511042019.76
   3   2023/05/02   09:12:14.720   19.3630   -99.1940     1.72    0.51  0.2714     9.1200      20230511165546.88
   4   2023/05/02   09:40:04.380   19.3620   -99.2040     0.15    1.67  0.2295     9.1300      20230511042948.21
   5   2023/05/02   16:02:52.190   19.3580   -99.1970     0.68    1.77  0.2315     9.3800      20230511042951.59
   1   2023/05/03   07:11:45.310   19.3640   -99.1810     0.99    1.15  0.2476     9.0200      20230516105030.89
   2   2023/05/03   11:10:24.510   19.3650   -99.1910     1.18    0.89  0.2118     9.0500      20230511043453.09
   3   2023/05/03   11:21:17.260   19.3640   -99.2100     0.25    1.74  0.2278     9.1500      20230511042948.21
   4   2023/05/03   19:21:10.500   19.3590   -99.2010     0.87    0.83  0.2317     9.4100      20230511042017.00
   1   2023/05/04   00:41:46.320   19.3600   -99.1970     0.83    1.60  0.2226     9.0000      20230511042951.59
   2   2023/05/04   08:20:43.870   19.3620   -99.2020     0.20    1.57  0.2511    10.0200      20230511042948.21
   3   2023/05/04   09:46:02.580   19.3650   -99.1900     1.72    0.35  0.2679     9.0100      20230511165546.88
   4   2023/05/04   12:12:53.790   19.3580   -99.2060     0.38    1.18  0.2357     9.0100      20230512101933.83
   5   2023/05/04   21:17:00.450   19.3660   -99.1910     1.63    1.08  0.2204     9.5900      20230511150531.12
   1   2023/05/05   06:13:19.670   19.3650   -99.1910     1.22    1.06  0.2587     9.8700      20230512234650.64
   2   2023/05/05   06:50:41.600   19.3630   -99.1790     1.48    0.69  0.2305     9.0300      20230517040903.56
   3   2023/05/05   08:58:16.710   19.3630   -99.1890     1.23    0.87  0.2197     9.3600      20230511043453.09
   4   2023/05/05   10:02:41.610   19.3600   -99.2080     0.15    1.74  0.2401     9.5300      20230511042948.21
   5   2023/05/05   15:18:43.730   19.3640   -99.1830     0.99    1.41  0.2494     9.0800      20230516105030.89
   6   2023/05/05   23:16:09.550   19.3660   -99.2020     0.05    1.91  0.2368     9.4000      20230511042948.21
   1   2023/05/06   07:02:42.180   19.3620   -99.1870     1.07    0.81  0.2115     9.3500      20230511074322.89
   2   2023/05/06   08:35:33.980   19.3630   -99.1870     1.37    1.09  0.2447     9.3300      20230512234650.64
   3   2023/05/06   10:28:28.730   19.3660   -99.1890     1.27    0.73  0.2085     9.2200      20230511074322.89
   4   2023/05/06   10:46:08.810   19.3590   -99.1900     1.72    0.46  0.2728     9.0600      20230511165546.88
   5   2023/05/06   12:01:45.400   19.3670   -99.1950     1.27    1.05  0.2503     9.5400      20230512234650.64
   6   2023/05/06   13:56:10.080   19.3680   -99.1910     1.68    1.28  0.2077     9.0600      20230511150531.12
   7   2023/05/06   23:31:56.890   19.3600   -99.1840     1.51    1.24  0.2390     9.0600      20230511143828.21
   8   2023/05/06   23:58:06.520   19.3580   -99.1810     1.14    1.26  0.2558     9.3400      20230516105030.89
   1   2023/05/07   05:57:25.000   19.3730   -99.1940     0.85    0.71  0.2525     9.1200      20230511042229.97
   2   2023/05/07   12:02:35.320   19.3670   -99.1810     1.58    0.72  0.2318     9.0600      20230517040903.56
   3   2023/05/07   14:05:19.800   19.3610   -99.1970     1.18    0.96  0.2125     9.0600      20230511043453.09
   1   2023/05/08   03:05:32.650   19.3650   -99.2010     1.52    0.96  0.2431     9.1300      20230511132510.26
   2   2023/05/08   06:48:36.280   19.3620   -99.1930     0.81    0.54  0.2336     9.0400      20230511042019.76
   3   2023/05/08   08:36:36.660   19.3590   -99.1950     1.13    0.78  0.2149     9.1300      20230511043453.09
   4   2023/05/08   09:20:28.960   19.3620   -99.2040     0.25    1.52  0.2298     9.1800      20230511042948.21
   5   2023/05/08   10:20:45.590   19.3590   -99.1790     1.58    0.66  0.2308     9.0300      20230517040903.56
   6   2023/05/08   22:15:55.430   19.3590   -99.1850     1.43    0.94  0.2307     9.0300      20230517040903.56
   1   2023/05/09   00:15:44.830   19.3570   -99.1940     1.33    1.16  0.2223     9.1900      20230511152523.27
   2   2023/05/09   06:05:55.950   19.3620   -99.1880     1.56    1.22  0.2404     9.0900      20230511143828.21
   3   2023/05/09   09:49:48.510   19.3650   -99.1930     1.37    0.88  0.2549     9.7000      20230512234650.64
   4   2023/05/09   20:27:15.910   19.3600   -99.1880     1.46    1.51  0.2427     9.1700      20230511143828.21
   1   2023/05/10   06:26:02.780   19.3630   -99.1910     1.42    1.06  0.2412     9.2500      20230512234650.64
   2   2023/05/10   06:38:46.710   19.3670   -99.1890     1.33    0.90  0.2458    10.5300      20230511043453.09
   3   2023/05/10   07:49:02.450   19.3600   -99.1880     1.41    0.98  0.2384     9.0400      20230511143828.21
   4   2023/05/10   11:55:30.910   19.3630   -99.1930     0.75    0.61  0.2429     9.0600      20230511144340.97
   5   2023/05/10   11:56:03.480   19.3600   -99.1980     0.86    0.86  0.2242     9.0200      20230511042556.96
   6   2023/05/10   17:16:36.380   19.3570   -99.1980     1.38    1.14  0.2239     9.3000      20230511152523.27
   7   2023/05/10   19:47:25.360   19.3630   -99.1910     1.22    1.22  0.2381     9.1300      20230512234650.64
   8   2023/05/10   21:52:08.650   19.3620   -99.2020     0.66    1.11  0.2242     9.0200      20230511042556.96
   1   2023/05/11   04:20:19.760   19.3640   -99.1970     0.91    3.20  1.0000    38.7900      20230511042019.76
   2   2023/05/11   04:21:29.230   19.3690   -99.1900     1.40    1.40  0.9878    39.6100      20230511042129.23
   3   2023/05/11   04:21:38.580   19.3600   -99.2010     0.68    1.86  0.2259     9.1200      20230511042951.59
   4   2023/05/11   04:21:48.490   19.3670   -99.1940     1.40    0.82  0.2981    11.9500      20230511042129.23
   5   2023/05/11   04:22:04.630   19.3650   -99.1940     1.05    0.87  0.3223    11.7800      20230511042229.97
   6   2023/05/11   04:22:29.970   19.3690   -99.1980     0.95    1.30  0.9768    35.7000      20230511042229.97
   7   2023/05/11   04:23:09.530   19.3680   -99.1910     1.45    1.34  0.3384    13.6400      20230515004101.45
   8   2023/05/11   04:24:34.000   19.3690   -99.2000     1.05    0.78  0.2841    10.3800      20230511042229.97
   9   2023/05/11   04:25:56.960   19.3640   -99.1980     0.76    1.10  0.9752    39.1900      20230511042556.96
  10   2023/05/11   04:29:51.590   19.3600   -99.2010     0.78    2.60  0.9959    40.2000      20230511042951.59
  11   2023/05/11   04:34:53.090   19.3630   -99.1930     1.23    1.80  0.9808    41.7700      20230511043453.09
  12   2023/05/11   04:40:35.110   19.3580   -99.2030     0.83    2.06  0.3467    13.9900      20230511042951.59
  13   2023/05/11   05:14:01.560   19.3600   -99.2010     0.73    1.49  0.2237     9.0300      20230511042951.59
  14   2023/05/11   05:19:35.290   19.3600   -99.2010     0.88    1.67  0.2947    11.9000      20230511042951.59
  15   2023/05/11   07:43:22.890   19.3640   -99.1910     1.17    2.00  0.9904    43.6300      20230511074322.89
  16   2023/05/11   10:39:31.170   19.3680   -99.2000     0.86    0.85  0.4363    17.5300      20230511042556.96
  17   2023/05/11   13:25:10.260   19.3630   -99.1970     1.42    1.60  0.9894    37.1200      20230511132510.26
  18   2023/05/11   14:03:08.030   19.3580   -99.2000     1.05    1.08  0.2824     9.0800      20230511155809.43
  19   2023/05/11   14:14:34.820   19.3660   -99.1860     1.46    1.43  0.2742    10.3600      20230511143828.21
  20   2023/05/11   14:38:28.210   19.3640   -99.1860     1.51    1.60  0.9874    37.3200      20230511143828.21
  21   2023/05/11   14:41:20.500   19.3590   -99.1970     0.75    0.97  0.2500     9.3300      20230511144340.97
  22   2023/05/11   14:43:40.970   19.3610   -99.1950     0.65    1.20  0.9915    37.0100      20230511144340.97
  23   2023/05/11   15:05:31.120   19.3640   -99.1930     1.63    2.20  0.9982    43.6400      20230511150531.12
  24   2023/05/11   15:19:02.850   19.3570   -99.1990     0.55    0.89  0.2502     9.3400      20230511144340.97
  25   2023/05/11   15:25:23.270   19.3610   -99.1940     1.28    2.00  0.9943    41.2700      20230511152523.27
  26   2023/05/11   15:58:09.430   19.3600   -99.1960     1.00    1.30  0.9898    31.8100      20230511155809.43
  27   2023/05/11   16:01:19.590   19.3600   -99.2010     0.78    0.83  0.3094    11.2500      20230511171302.72
  28   2023/05/11   16:46:23.480   19.3670   -99.1900     1.67    0.98  0.2898     9.7200      20230511165546.88
  29   2023/05/11   16:55:46.880   19.3630   -99.1900     1.77    1.20  0.9920    33.2700      20230511165546.88
  30   2023/05/11   17:13:02.720   19.3620   -99.1970     0.78    1.00  0.9941    36.1600      20230511171302.72
  31   2023/05/11   20:07:49.710   19.3660   -99.2020     0.38    1.43  0.5747    21.8900      20230512101933.83
  32   2023/05/11   21:00:55.060   19.3580   -99.2010     0.68    0.87  0.3059    11.1300      20230511171302.72
   1   2023/05/12   04:05:17.920   19.3660   -99.2010     0.68    0.51  0.3301    12.0100      20230511171302.72
   2   2023/05/12   07:09:28.510   19.3640   -99.2030     0.78    1.34  0.2310     9.3600      20230511042951.59
   3   2023/05/12   07:39:18.430   19.3630   -99.1950     0.55    0.57  0.2449     9.1700      20230511144340.97
   4   2023/05/12   10:19:33.830   19.3620   -99.2060     0.43    1.30  0.9903    37.9600      20230512101933.83
   5   2023/05/12   10:31:01.180   19.3670   -99.1860     1.87    0.62  0.3280    11.1600      20230511165546.88
   6   2023/05/12   23:46:50.640   19.3630   -99.1910     1.32    2.20  0.9999    38.4000      20230512234650.64
   1   2023/05/13   11:15:53.150   19.3650   -99.1990     0.92    0.62  0.2271     9.2700      20230511042017.00
   2   2023/05/13   13:10:52.460   19.3610   -99.1940     1.33    1.07  0.2166     9.0600      20230511152523.27
   1   2023/05/14   05:24:09.680   19.3640   -99.1810     0.99    1.25  0.2483     9.1300      20230516105030.89
   2   2023/05/14   12:51:50.420   19.3640   -99.1970     1.68    0.87  0.2140     9.4400      20230511150531.12
   3   2023/05/14   23:43:48.360   19.3670   -99.1810     1.43    0.90  0.2309     9.1000      20230517040903.56
   1   2023/05/15   00:41:01.450   19.3720   -99.1930     1.55    1.80  0.9984    40.0500      20230515004101.45
   2   2023/05/15   00:41:55.440   19.3700   -99.1890     1.65    1.37  0.2416     9.6900      20230515004101.45
   3   2023/05/15   05:50:13.360   19.3620   -99.1990     0.78    1.33  0.2265     9.1500      20230511042951.59
   4   2023/05/15   06:08:21.390   19.3660   -99.2080     0.48    1.26  0.2434     9.2500      20230512101933.83
   5   2023/05/15   08:45:49.370   19.3720   -99.1890     1.55    0.91  0.2260     9.0700      20230515004101.45
   6   2023/05/15   10:51:41.240   19.3710   -99.1960     0.90    0.79  0.2482     9.0200      20230511042229.97
   7   2023/05/15   11:06:41.980   19.3670   -99.1950     1.22    1.05  0.2338     9.0000      20230512234650.64
   8   2023/05/15   11:19:14.560   19.3650   -99.1950     0.82    0.49  0.2312     9.4100      20230511042017.00
   9   2023/05/15   11:32:36.230   19.3630   -99.1870     1.42    1.08  0.2348     9.0400      20230512234650.64
   1   2023/05/16   08:34:58.990   19.3590   -99.1880     1.82    0.38  0.2980    10.0100      20230511165546.88
   2   2023/05/16   09:27:58.500   19.3650   -99.1910     1.32    0.89  0.2466     9.4500      20230512234650.64
   3   2023/05/16   09:44:13.810   19.3640   -99.2080     0.10    1.63  0.2369     9.4400      20230511042948.21
   4   2023/05/16   10:50:30.890   19.3620   -99.1810     1.09    1.60  0.9996    36.5200      20230516105030.89
   5   2023/05/16   18:19:00.530   19.3760   -99.1930     1.55    1.42  0.2229     9.0100      20230515004101.45
   1   2023/05/17   04:09:03.560   19.3630   -99.1810     1.53    1.50  0.9805    38.6300      20230517040903.56
   2   2023/05/17   11:49:00.940   19.3650   -99.1900     1.38    1.07  0.2215     9.1800      20230511152523.27
   3   2023/05/17   19:24:02.100   19.3590   -99.1970     1.52    1.19  0.2400     9.0200      20230511132510.26
   1   2023/05/18   03:27:47.540   19.3620   -99.1990     0.68    1.56  0.2231     9.0500      20230511042951.59
   2   2023/05/18   07:59:12.930   19.3620   -99.2080     0.05    1.65  0.2337     9.3700      20230511042948.21
   3   2023/05/18   08:00:30.340   19.3620   -99.2020     0.10    1.64  0.2449     9.8200      20230511042948.21
   4   2023/05/18   10:54:39.630   19.3640   -99.1890     1.68    0.78  0.2060     9.0300      20230511150531.12
   5   2023/05/18   13:56:30.870   19.3620   -99.1950     1.58    1.15  0.2086     9.1400      20230511150531.12
   1   2023/05/19   02:36:08.830   19.3680   -99.1910     1.53    1.11  0.2077     9.0700      20230511150531.12
   2   2023/05/19   08:51:56.030   19.3600   -99.2020     0.05    1.60  0.2301     9.2900      20230511042948.21
   3   2023/05/19   13:12:47.780   19.3610   -99.1890     1.28    1.17  0.2148     9.1200      20230511043453.09
   4   2023/05/19   14:20:58.640   19.3640   -99.1990     0.73    1.68  0.2253     9.1400      20230511042951.59
   5   2023/05/19   20:33:36.620   19.3600   -99.1930     1.63    1.10  0.2222     9.7000      20230511150531.12
   6   2023/05/19   23:46:08.370   19.3600   -99.1980     0.81    1.09  0.2275     9.0700      20230511042556.96
   1   2023/05/20   11:14:39.130   19.3660   -99.2040     0.53    1.03  0.2394     9.1300      20230512101933.83
   2   2023/05/20   16:05:37.290   19.3640   -99.1790     1.09    1.30  0.2483     9.1100      20230516105030.89
   1   2023/05/21   04:59:02.490   19.3660   -99.2040     0.05    1.64  0.2256     9.1800      20230511042948.21
   2   2023/05/21   08:50:41.990   19.3620   -99.1950     0.96    0.41  0.2298     9.0300      20230511042019.76
   3   2023/05/21   11:01:53.370   19.3670   -99.1890     1.42    1.08  0.2540    10.0200      20230512234650.64
   4   2023/05/21   11:14:38.210   19.3590   -99.1940     1.82    0.50  0.2622     9.0400      20230511165546.88
   5   2023/05/21   12:43:25.320   19.3610   -99.1790     1.43    0.87  0.2381     9.3900      20230517040903.56
   6   2023/05/21   22:54:06.970   19.3670   -99.1930     1.23    1.01  0.2145     9.1800      20230511043453.09
   1   2023/05/22   00:31:59.800   19.3740   -99.1910     1.50    1.41  0.2354     9.4200      20230515004101.45
   2   2023/05/22   17:16:24.730   19.3680   -99.1870     1.17    1.25  0.2054     9.0200      20230511074322.89
   1   2023/05/23   07:48:42.830   19.3640   -99.2040     0.15    1.60  0.2478     9.9100      20230511042948.21
   2   2023/05/23   07:50:56.150   19.3650   -99.1870     1.42    1.04  0.2367     9.1300      20230512234650.64
   3   2023/05/23   07:56:20.840   19.3670   -99.1830     1.43    0.71  0.2359     9.3200      20230517040903.56
   4   2023/05/23   10:25:31.760   19.3640   -99.2020     0.10    1.78  0.2404     9.6100      20230511042948.21
   5   2023/05/23   15:22:06.500   19.3590   -99.1930     1.28    1.54  0.2161     9.2500      20230511043453.09
   1   2023/05/24   09:49:50.860   19.3640   -99.1930     1.12    0.68  0.2051     9.0800      20230511074322.89
   1   2023/05/25   03:32:47.080   19.3720   -99.1890     1.65    1.52  0.2224     9.0500      20230515004101.45
   2   2023/05/25   06:40:41.340   19.3670   -99.1940     1.72    0.59  0.2787     9.4700      20230511165546.88
   3   2023/05/25   07:29:30.020   19.3590   -99.1910     1.27    1.16  0.2353     9.0700      20230512234650.64
   4   2023/05/25   08:04:29.960   19.3610   -99.1860     1.82    0.33  0.2686     9.1300      20230511165546.88
   5   2023/05/25   10:35:51.390   19.3600   -99.2100     0.10    1.72  0.2375     9.5400      20230511042948.21
   1   2023/05/26   02:37:25.660   19.3620   -99.1890     1.53    1.03  0.2070     9.1800      20230511150531.12
   2   2023/05/26   10:19:49.350   19.3640   -99.1930     1.27    0.79  0.2070     9.1900      20230511074322.89
   3   2023/05/26   11:27:37.330   19.3650   -99.1910     1.22    1.07  0.2310     9.1100      20230512234650.64
   4   2023/05/26   11:33:29.260   19.3630   -99.1880     1.87    0.47  0.2647     9.1500      20230511165546.88
   5   2023/05/26   12:21:05.130   19.3660   -99.2060     0.10    1.92  0.2211     9.0000      20230511042948.21
   1   2023/05/27   05:01:55.410   19.3650   -99.1830     1.43    0.86  0.2400     9.4800      20230517040903.56
   2   2023/05/27   09:44:09.700   19.3600   -99.2060     0.15    1.58  0.2294     9.2800      20230511042948.21
   3   2023/05/27   10:30:02.460   19.3630   -99.1950     0.97    0.37  0.2212     9.0300      20230511042017.00
   4   2023/05/27   10:57:16.360   19.3590   -99.1860     1.77    0.30  0.2669     9.1100      20230511165546.88
   5   2023/05/27   11:01:05.530   19.3650   -99.1870     1.42    1.03  0.2328     9.0700      20230512234650.64
   6   2023/05/27   11:57:57.180   19.3590   -99.1980     1.18    0.96  0.2235     9.3300      20230511152523.27
   7   2023/05/27   14:00:46.130   19.3640   -99.1910     1.63    0.97  0.2058     9.0400      20230511150531.12
   8   2023/05/27   21:50:08.290   19.3670   -99.2000     0.95    0.94  0.2468     9.0000      20230511042229.97
   1   2023/05/28   02:57:43.410   19.3600   -99.2040     0.25    1.70  0.2215     9.0400      20230511042948.21
   2   2023/05/28   10:45:44.020   19.3640   -99.2060     0.10    1.61  0.2232     9.1100      20230511042948.21
   3   2023/05/28   11:22:35.490   19.3610   -99.2010     1.42    0.68  0.2429     9.3300      20230511132510.26
   4   2023/05/28   11:31:24.760   19.3620   -99.2020     0.20    1.59  0.2247     9.1700      20230511042948.21
   1   2023/05/29   04:39:31.860   19.3580   -99.1920     1.00    0.89  0.2925     9.4700      20230511155809.43
   2   2023/05/29   11:20:14.230   19.3590   -99.1860     1.87    0.61  0.2737     9.1900      20230511165546.88
   3   2023/05/29   13:26:45.510   19.3590   -99.1970     0.55    0.97  0.2474     9.3100      20230511144340.97
   1   2023/05/30   07:58:53.530   19.3640   -99.1840     1.51    1.09  0.2437     9.2000      20230511143828.21
   2   2023/05/30   09:45:29.510   19.3700   -99.1890     1.65    0.84  0.2300     9.3400      20230515004101.45
   3   2023/05/30   09:50:20.420   19.3600   -99.2020     0.25    1.56  0.2352     9.3700      20230511042948.21
   4   2023/05/30   10:21:24.980   19.3590   -99.1940     1.82    0.30  0.2706     9.0700      20230511165546.88
   5   2023/05/30   15:53:23.570   19.3600   -99.1930     1.63    1.15  0.2068     9.1000      20230511150531.12
   6   2023/05/30   21:10:45.540   19.3760   -99.1910     1.50    1.60  0.2264     9.1900      20230515004101.45
   1   2023/05/31   00:31:15.140   19.3720   -99.1910     1.45    1.55  0.2243     9.1300      20230515004101.45
   2   2023/05/31   02:30:20.420   19.3620   -99.1870     1.27    1.23  0.2141     9.5000      20230511074322.89
   3   2023/05/31   06:18:00.710   19.3630   -99.1980     1.38    0.82  0.2173     9.0400      20230511152523.27
   4   2023/05/31   08:19:33.170   19.3610   -99.1940     1.82    0.53  0.2748     9.3100      20230511165546.88
   5   2023/05/31   09:44:48.010   19.3650   -99.1940     1.72    0.22  0.2820     9.5500      20230511165546.88
   6   2023/05/31   11:38:23.250   19.3610   -99.1950     1.22    1.09  0.2437     9.3800      20230512234650.64
   7   2023/05/31   21:35:11.250   19.3600   -99.1950     1.27    1.36  0.2030     9.0100      20230511074322.89
