#No.      Date        Time         Lat.      Lon.        Dep.     Mag.   Coef.      Times_MAD           Reference
   1   2023/05/11   04:20:19.760   19.3640   -99.1970     0.91    3.20  1.0000    34.5900      20230511042019.76
   2   2023/05/11   04:21:29.230   19.3690   -99.1900     1.40    1.40  0.9817    31.1100      20230511042129.23
   3   2023/05/11   04:21:48.520   19.3660   -99.1930     1.30    0.87  0.3001     9.5100      20230511042129.23
   4   2023/05/11   04:22:04.660   19.3675   -99.1950     0.95    1.09  0.3061     9.4800      20230511042229.97
   5   2023/05/11   04:22:29.970   19.3690   -99.1980     0.95    1.30  0.9624    29.8100      20230511042229.97
   6   2023/05/11   04:23:12.930   19.3600   -99.2025     0.83    1.83  0.3670    12.3300      20230511042951.59
   7   2023/05/11   04:24:34.060   19.3720   -99.1980     0.85    1.09  0.3078     9.5300      20230511042229.97
   8   2023/05/11   04:25:56.960   19.3640   -99.1980     0.76    1.10  0.9721    31.8200      20230511042556.96
   9   2023/05/11   04:29:51.590   19.3600   -99.2010     0.78    2.60  0.9951    33.4300      20230511042951.59
  10   2023/05/11   04:34:53.090   19.3630   -99.1930     1.23    1.80  0.9755    32.9900      20230511043453.09
  11   2023/05/11   04:40:35.130   19.3585   -99.2025     0.83    2.18  0.4117    13.8300      20230511042951.59
  12   2023/05/11   05:19:35.310   19.3615   -99.2010     0.88    1.80  0.3577    12.0200      20230511042951.59
  13   2023/05/11   07:10:56.260   19.3660   -99.1975     0.97    0.76  0.2607     9.2200      20230511042017.00
  14   2023/05/11   07:43:22.890   19.3640   -99.1910     1.17    2.00  0.9839    35.4900      20230511074322.89
  15   2023/05/11   09:13:28.770   19.3615   -99.1870     1.82    0.32  0.3243     9.2100      20230511165546.88
  16   2023/05/11   10:39:31.250   19.3655   -99.1965     0.76    0.89  0.4453    14.5800      20230511042556.96
  17   2023/05/11   13:25:10.260   19.3630   -99.1970     1.42    1.60  0.9877    31.1600      20230511132510.26
  18   2023/05/11   14:14:34.820   19.3655   -99.1860     1.46    1.53  0.2840     9.0600      20230511143828.21
  19   2023/05/11   14:38:28.210   19.3640   -99.1860     1.51    1.60  0.9871    31.4800      20230511143828.21
  20   2023/05/11   14:43:40.970   19.3610   -99.1950     0.65    1.20  0.9912    30.9400      20230511144340.97
  21   2023/05/11   15:05:31.120   19.3640   -99.1930     1.63    2.20  0.9958    34.5000      20230511150531.12
  22   2023/05/11   15:25:23.270   19.3610   -99.1940     1.28    2.00  0.9902    32.8500      20230511152523.27
  23   2023/05/11   15:58:09.430   19.3600   -99.1960     1.00    1.30  0.9880    26.2600      20230511155809.43
  24   2023/05/11   16:01:19.670   19.3605   -99.1940     0.73    0.94  0.3765    11.6000      20230511171302.72
  25   2023/05/11   16:13:19.490   19.3670   -99.2075     0.25    2.32  0.2476     9.0300      20230511042948.21
  26   2023/05/11   16:46:23.430   19.3660   -99.1900     1.87    0.95  0.3279     9.3100      20230511165546.88
  27   2023/05/11   16:55:46.880   19.3630   -99.1900     1.77    1.20  0.9907    28.1300      20230511165546.88
  28   2023/05/11   17:13:02.720   19.3620   -99.1970     0.78    1.00  0.9942    30.6300      20230511171302.72
  29   2023/05/11   17:37:14.570   19.3670   -99.2060     0.05    2.34  0.2561     9.3400      20230511042948.21
  30   2023/05/11   20:07:49.650   19.3635   -99.2030     0.53    1.55  0.4641    13.7600      20230512101933.83
  31   2023/05/11   21:00:55.090   19.3590   -99.2000     0.68    1.00  0.3244     9.9900      20230511171302.72
